214 763 260
778 195 385 961
12 934 871 328
715 359 282
586 16 898 1368 785 975 1551
151 1299 557
540 1276 1453 1336 128 224 667
1346 803
1147 258
1440 1350 475 1130 308
497 701
1222 354 1502 760 1430 248 774
1234 1505
27 110 1419 610 1065 843 366 1381
638 1347 1191
16 925 1314 1291 216 326 409
646 157 480 657 540 890 1399 284
404 128 544 854
1236 747 1070
1255 1498 1182 573
623 279 895 606
393 942 853 1535
1358 749
892 1003 1086
445 35 851 1520 1483
668 512 1394 1450 867 1471 75 318
1358 388 1324
1108 1551 222 266
130 933 910 1393 1089 1172
1156 973 1522 1432 557 68 390
204 1513
473 1515
1111 329 1531 1455 1272
69 340 356 306
200 337 753 1063 133
1275 227 670 1312 942
622 705 455
1504 761 1017 1394 678 1267 645 1367
902 1397 642 619
536 1351 49
1366 1543 1426 217 727 756
833 24 893 257 1339 1210
398 575 458 808 903 1346
1132 323 778 556 80 1095 1165
1548 633 263 546 1255 1099
127 197 813 110
917 268 657 634 1117
199 1254 378 1447 211 388
1224 149 1403 1487 1237 428 1297
493 376
1294 1483
907 258 1061 624
541 1356 468 844 1273
823 147 617 1179 224
1312 1382
767
554 1342 121 1496 487 398 1080
437 547 631 381 1130 28 1363 887
778 1061 213 56
736 432
349 765 1075 559
969 1291 1468 1352 143 653 682 1325
551 967 1277 761 751
441 884 1526
1208 1357 908 698 914 265 654
1291 1108 99 9 692
1409 1559 696 900 1116 467 856 833
88 410 587 470
27
1423 348 44 127 1436 627 1205
789 672 1022 1531
27 1375 33
536 260 676 986 470
54 149 592 1235 1279 4 299
324 461 877 1187 258 661
1447 598 442 1324 1380 798
914
459 1274 1530
1289 1465 1349 140 650
766 743 1226 922 1006 756 1505 816
1269 354 398 680 1390 820 144
1554 306 1348 1338 955 545
1022 346 816 1377 422 999
586 896
1121 1243 461 1250 29 1403 395 305
289 1134 32
947 1324 608 1197
783 1066 217 61
643 340
257 673 983
406 223 773
1119 31
614 404 620 1529 774 337
362 1138
349 445 888 1531 17 300 595 439
1345 962 553 1368 480
476 1185
1251 1201 1351 488 692 908 259
1045 1382
7 236 279 562 1271 1115
1313 970
451 828
1543
1420 1450 534 578 861
1485 1235 426 1296 659 183 54
1208 93 736 780 1063 1358
773 230 301 916 213 351 767
99 1501 825 881 299
975 432 502 1118 415 552 968 864
1078 96 339 23 972
728 853 1163 647 637 254
891 321
997 1146 697 487 703 54
1133 711 834 52
235 705 1267 312 888
1179 237 1092 1229 87 397
646
7 610 773 1016
1160 683 140 211 827 124 261
858 9 1411 735
132 215 1524
1428 685 941 1318 602 1191 569
755 705 855 406
1055 1365 558 547
1290 1467 1350
1280
398 614 1523 354
755 345 1160 272 235 1077
222 384 628 312 1260 1530
542 644 1459 157 533 1376 407
1124 1141 1091 1241 791 995 1211
146 1348 1271 1088 79 1548 672
1296 1406 1489 1240 431
348 1550 1473 1290 281 191
1470 128
777 235 305 921 218 355 771
103 1505 829 886 303
979 436 507 1123 420 557 973 869
1082 101 344 28 976
733 1149 1459 943 933 550
895 325
1001 1151 702 492 708 59
1138 716 838 56
239 709 1271 316 892
1184 241 1096 1233 92 401
263 1451 175 885 729 53
1385 443 1298 1435 293 189 1231
370 426 1401 33 609 852
409
952 237 825 203
1082 234 1222 546 1016
1172 696
947 205 874 1251 121 1124 88
591 542 691 242
988 1298 368 772
1514 1277 1161 1510
1281 418 622 838 1456 287
44 580 1356 587 924
245 1193 1050 1067
1516 1227 950 1366 118
395 744 1254
1252 1268 1218 1368 919 709 925
176 1378 1301 1118 110
284
866 1255 1232 157 267 350 101 849
1340 225 868 498 781
552 302 1051
705 961 1338 622 1211 589 1311
628 778 329 532
996 480 470 87
1389 1273 64 574 603 1246
1526 837 201 1283
376 1152
363
453 1335 247 808
979 170 625 403 1484 942 1109
1492 577 207 489 1199 1043
1240 1311
281
385 1174 1511 1328 319 1373
1508 166 661 1464 1441 366 62
406 1088 599
530 1106 1350
347 98
907 391 381 1556
1397 1280 72 168 611 1253
1436 334 111 1193
286 1062
1418 369 812 1455 1085 1368
313 1492 949
240 1176 340 876 94 883
1265 1215 1365 916 1120 1336 273
1084 1007 824 1373 1284 408 1477
1337 1420 1170 361 1230 303 1384
756 852 1295
111
1065 1043 1525 77
886 849
129 812
1300 1144 468 525
362 113
508 1550 395 1157
998 882 1231 183 626
276 759
357 81 497 807
1189 701 1023
1499 185 1426 817 674
1087 1397 881 871
55 232 115 465 561
386 363 846 956 1039 789 1538 436
1302 387 17 300 1009
1379
470 1325 1463 321 217 1259 104
417 1392 24
61 1315 1399 1149 340 1209
198 880
225 1213 537 1007 424 614
1531 389
79 1215 1338 555 200 123
630 779 330 120
998 68 471 89
977 860 1210 162 605 1247
1527 425 202 1284
668 1444
242 752 1195 1424 1467 192 901 745
849 467 471 1286 1542
491 1200
1356 1306 1456 1007 797 1013 364
1175 1098 915 1464 1375 499 1154 333
782 306 1321 1391 449 1304
919 1428 313 956
247
99 848 1303
661 1037 322
771 1120 72 515 744
745 442
358 774 1084 568
978 1301 1477 1361 152 662 691 1043
560 976 1286 770 760
547 990 75
1217 1366 917 707 923 274 663
66 1096 980 1329 281
1100 237 441 657 8
777 1180 384 388 1203 1459 278
573 1455 1511 929
673 1155 852 935
683 687 1502 200 577 1419
610 1319
1117 973
461 943 1054 1137 887
681 1110
1486 1397 521 1176 355
1002
729 945 296 685 662
1086 676 1492 603 566 1409 853 1375
255 1203 1474 1490
423 1505 962 1033
1189 352
1288 53
1122 966 387
1026 1229 1446 383 1186 1163 87 1342
1212
47 370 547
1542 173 749 992
1257 1007 198 1067 431 1513
1317 1240
981 1077 1520 605
1456 47 1156 946 1162 513 902 879
1196 413 1202 1539 1356 347
860 251 521 538 488 637
442 1484 329
1404 182 1557 549
507 563 1539 170 746 990
211 1426 484 194
138 500 144 67 1442 434
972 363 219 236 186 336 1444
1085 342 1012 1388 259 1261 226 1361
1148 539 809 826 776 926 476 266
558 2 524 102 225 1001 231
1328 1531 190 1099
325 1086 1090 348 604 980 265 853
69 272 489
578 301 718 1027 512
95 605 634 1277 1321 46 755
780 503 919 1229 713 703
344
461 290 1532 923 1193 1210 1160
386 908 486 609 1384
249
1511 648 852 1068 419 808 785
1359 350 1405 529 40 362 539 423
1473 1130 188
864 1400
624 974 1483 1513
1327 1543 894 139 1260 185 295 378
941 1291 1387 272 914 958
1553 1330 854 311 382 998
1118 1467 419 862 1504 1134 1417
1296 593 731 1147
743 1426 937 1259 1436 1319 111
884
907 1323 75 1117 1107 724
1069 499 1381
233 1036 599 1082 1192
1312 889 1012 230 1432
604 288 1237 1507
1357 415 1270 1407 265 575 1204
712 768 186 789 951 1194 878
662 918 1294 579 1168 545 1267
294 444 1552
177 793 504
545 1433 944 1267 1443
934 884 1034 584 374
1491 749 1418
1468 87 1529 320
1332 883 673 889 240 629
800 923 140 929 1266 1083
1534 671 875 1091 442 831 808
1382
446 795 1305 190
1465 123 618 1421 1398 323 19
71 753
795 119 589 6 196 772 1015
812 69 739 1115 1544 988
974 803 487
1523 714
1499 345 1520 1110 368
751 1033 185 29 911 967
913 210
486 1075 453 1175 153 929
623 640 590 739
523 939 1249 733 723
535
997 1467
492 282 498 1407 652
436
1049 972 789 1338 1248 373 1028
1398 1481 1232 422 878 655 179
404
907 231 287 1263 308 470
472
534 911
68 750 262 584
1501
526
509 1378 742 680 137 1352 409
916 960
677 533 550 500 650 200 1548
240 1016
1494 32 475 1118 1161 1444
73 1155
139 955 67
116 1437 1011 1361 313
429
479
916 1332 1228 712
1219 1541
220 276 1252 1441 460
751 1366 1077 801 1217 1527
218 262 545 1254 684 8
1341 398
1101 1530 975 1497
1135 1139 983 307 777
933 457 1472 1542 600 1455
1070 21 464 1107
398 1307
504 574 1190 487 624 1040
666 895
1265
383 599
1345 803 459 1075 786 509 925
963 393
583 733 284 74 1340 824 814 431 21 837
1379 291 853
306 789
678 816 1232 1542 612 1015 633
1152 197
1179 530 919 896 1379
576 1512 676 1212 430 1219 1555 1372
1277
1487 1144 201
974 1511
735 1085 36 65 708
1465 18 101 1409 600
517 161 84 1459 450 361 1043
497
947 404 474 1090 387 524 940
273 117 999 1055 472 1076
726 1142 1135 619
1029 1352 1528 1412 203 713 1156 1385
611 1027 1337 821 811
915 944 29
1268 1417 968 758 974 325 1128
1351 1168 159 69 752 1407 585
11 1320 510 966 743 267 1282 1353
1248 1092 416
923
906 1362
440
969 347 1069
573 802
881 272 128 145 95 245
1018 1394 679 1268
1145 1428 579 9 891 1361
893 604
467
477 294 843
1093 5
684 474 691 42 431 408
724 1500 730 1067
865 1468 73 316 1558 949 1219 1235
926 143 932
546 1256
1412 1362 1512 1062 1266 1482 420
1249
406
483 766 1476
1072 1288 639 1442 1006 1488 40
481 1163 260 997
356
938
824
22 159 575 885
1268 365 1101 864
477 427 577
240 311 926 223 360
986 1163 1046 1396
753 304 508 724 456 445 62 66 882
1265 1548 699 129 1011 1481
1401 1112 836 1252 3
280 630 725
1137 1154 1104 1254 804
854 444 1260 372 334 1177 621
169 186 136 286 980 1184 1401 752
1349 473
1376 1219 543 600
24 1332 523 1392 756 693 150 1365
408 1396 720 1190 607 797 1373
1531 1121 379
362 1098 1275 1158 1508 46 489
1168
1472 542 946 563 153 969
1220 1276 694
438 921 1031
1147 351 355 1170
425
928 252 308 1284 1473 491
1249 1559 1043 1032 650
1165 250 294 577 1286 813
158 1373
466 842 1271 715 1238 815 938
283 1391
1285 1062 586 43 113
590 1272 369 1106
465 482
531 282 1031
588 844 1220 504 1093 471 1193
608 758 308 512
1267 751 741 358 362
1226 1269 1552 703
233 716 826 909
551 980
391 1046 224 401 285 634 730
382 1464 921 992
855
426 189 73 422 932 1375 459
1511 24 640
902 1438
663 1012 1522 407
1390 49 544 1347 1324 248
347 1549 1472 1289 280 191 873 384
1483 847 370 241
628 272 195 12 561 471 1154
511
960 418 488 1104 401 538 954
286 130 1012 1069 486 1089
837 1253 1149 633
1043 1365 1542 1426 217 727 1170 1399
625 1041 1351 835 824
1025 1055 139
1281 1431 982 772 988 339 1142
1073 890 1439 1350 474 1129
541 930 907 1389 1500 25
105 1480 471 382 1064 162 898
324 74
469 1511 357 1118
862 746 1095 47
100 304 521
610 333 749 1059 543
1394 346 375 1018 1061 1344
1434 957 828
1483 447 25
674 1316
1273
391 607 55 444
748 338 1154 265 228 1070
1482 86 330 14 962
1133 1549 1445 929 1332
1120 5 234 277
433 1236 1213 138 1392 1475 1226 417
1321 1350 435 479 762
216 1524
776 260 249
566
1402 1497 383 1025 1069 1352
1150 674 131 201 817 114 251
1237 388 232 1114 1170
182 1264 721
1278 656 1378 357
434 1316 1372 789
643 1392 703 67 4
693 1242 1153 277 1346
1144 695 485 701 52
262 639 1067 512 1034 612
399 1348 60 77
526 1381 1518 376 686 1314 160 1335
601 1549 262 278 228 55 459 1220 1224
848 1197 149 592 821
434 130 213 1522 712 24 945 883
820 1009 27 271 1512 903 759
79 508 1510 474 52 175 951
628 418 635 1544 375 352
765 1541 771 1108
1198 243
933 284 673 650
567 1383 81 457
1493 164 207 490 1200 1044
72 1286 344 55
1303 294 205 887 398 721 606 490
273 1488 546
1319 1442
1080 1429 1525 410 1053 1096
133 1469 992 449 229 845 142
884 1167 318 162 1044 1198 615
665 1068 272 276 1091 1347
1399 817 1006 24 268 1509 900
88 465 1307 338 1274 438 974
1463 722 512 729 80 883 446
922 1471 1382 506 1161 340
1059 1036 1518 71
880 842
414 1096 193
539 701 944 628 19 289 306 256
869
492 815 991 875 1224
1048 293 270
800 284 274
590
1426 378 407 1050 1093 1376
5 1087 957 614
193 116 1491
1505
995 386 656 673 623 773 323
1507 72 847
870 1153 305 149 1031 1087 504
651 1055 258 262 1078 1334
119
1034 1051 1001 1151 701 905
1196 227 1163
947 976 61
1300 1449 1000 790 1006 357 1160
1383 1200 191 101 492 1148 326 503
299 1314 1385 442
124 1498 490 400 1082 180 916
633 92 841
398 654 1030 315 904 282
1521 1204 595 452 468 418 568
872 36 572 934 578 501 318 868
720 470 1219 530
757 334
211
395
511 341 24 973 1243 1260 1210 1360
665 1002 819 1368 1279 403 1058
1525 51 1359 550 1005 783 307
531 1041
598
1446 997 1298 1514 451 1254 1231
1294 285 196 878 389 711 888 772
264 1479 537
1213
1373 497 1152 331 507 391 740 836
544 1399 1536 394 704 1333 178 1353
619 10 280 296 247
1534 380 1141
193 875 386 709
456 473 423 573
356 772 1082 566
685 1007 1184 1068 1417 369
724 475 1224 535
761 339
216
399 695
1264 1215 1364 915 705 921 272
670 1006 823 1373 1283 407 1063
1530 55 1364 554 1010 787 311
536 1045
602
1451 1002 1205 1422 359 1162 1139
1298 290 200 882 394 716 893 776
560 217 832 543
1518 510
1013 1296 33 1435 759
147 1482 1006 463 534 1150 447
1189
1426 30 274 1516 906
785 1201 1098 582
991 1314 1491 1374 166 675 1118 1347
962 1378 130 1172 1161 779 783
1513 531 774 458 1407 1263 1280
1400 844 1367 944 1067
545 1121 951 634 25 295 312 262
389 1178 1515 1332 323 233
1124 1340 691 1080 1057
148 737 115 837 1373
534 1111 1354
351 102
620 104
114 476 120 43 1418 410
154 41 257 1166
683 301 1449 706
1544 82 525 1168 1212 1494
26 1108
190 1005 117 79
1115 200 1388 113
789 766 1248
780 1184 387 391 1207 1463 281
455 1404 1260 1277
168 1437 1160 18 328 1370
330 613
1462
486 1289 852 1335 1445 1528
51 1426
877 920
224 494 511 461 610
303 1478 1068 325 995 958 242 1245
1507 153 369 1278 109
1548 832 1421 799 1521 499
724 581 597 547 697 248 451
701 1063
275 784 814 1456 1500 225 934 364
1270 888 478 1293 405 782 1210
1102 1372
967 1051 801 1550 447
794
365 128 12 361 871 1314
1100 291 746 523 47 1062 1133
55 284 327 610 1320 1163
94 1309 367 78
1016 7 1476 600 111 434
1470 1033 1516 68
974 1350
508 1190 288 1024
674 691 641
706 163 233 849 146 283
173 616 1259 889 1172 323
1296 753
1096 1352
1389 886 10 1079 1402
428 632 848 1344 588
372 1214 245 1181 345 882 1244 888
450 933 1043 1126 877
767 1542 1187 1110
1296 342 918 747
599 123 1138 1209 267
809 1465
1142 466 522 1498 543 706 949
1256 513 769 1146 430 1019 397
195 145
1553 744
289 278 1454 1458 715
1195 1478 629 59 941 1411
1235 945 669 1085
804 1486 583 1320 1496
598 1346 244 21 1103
462 584 1360 591 928
1327 744 1347 1510 195 1437 827
1511 1407 891 1295 498 502
985 1428 99
1126 983
787 1270 966 1049 800
205 1048 78 1014 178 715 1077
695 379 1328
1168 1251 1001 192 1062 425
1376 1020 943 760
677 1559 471 1032 78
1300 491 947 724 248 1263 1333 391
123 472
943 1546 150 394 78 1026 1296 1313
701 1516 214 591 441 324
501 557 1533 164 740 984
1375 1032 89
77 666 43 765 1302
74 1062 386 856 274
280 30
1186 44 354 1396 1386 1003 593 1409
491 961 1522 568 1144 973
1364 1435 493 66 1069 33 1169 1291
1524 1368 692 749 166
683 434 1183 80
995 1372 656 1245
1164 115 558 787 831
395 890
1106 1044
407 25 29
1441
1035 919 1268 220 249
274 63 280 1189
506 923 1232 717 706
421 1157 1334 1218 9 105 548
839 363 1378 1449 506 1361
976 1485 371 1013
304
156 905 1361
718 1094 379
828 1178 129 572 801
802 499
416 832 1142 626
744 1067 1243 1127 1476 428 457
1040 911 567 1183 894 617 1033 1343
1557 575 404 88 1037
916 1332 84 712
1122 300 63
703 387 1336
614 1069 847 370 1386 1456 514
219 262 545 1254 1098 422 479 1454
469 725 1102 386 975 353
1495 1179 569 426 443 393 542
141 1277 1399 617 261 185
691 841 392 182
1351 421 824 442 32 847
1099 1155
180 383 600 1509 340 317
730 1506
304 813 1256 1485 1529 254 963 807
911 528 532 1348 46
456 1165
1321 1271 1421 971 761 978 329
1528 1451
1246 331 374 657 953
1032 222 678 455 1537 994 1065
1545 629 259 542 1251 1095
1293 1364
334
438 1226 5 1380 371 1426
3 219 714 1517 1494 419 115
458 1140 652
583 1159 1402
400 150
959 444 433 50
1450 1333 125 220 663 1306 1350
464 1080 377
321 1096
1549 501 944 29 1216 1499
445 1526 983 1054
626 963 779 1329 825 1508 1019
1072 1155 906 97 966 330 267
783 1293 1322
1307 1257 1407 958 748 964 315
1417 1340
63 705 749 1032 1327 1171
102 173 789 86
1456
520 870 1379 264
1539 198 1107 1496 12 495 605
534 1216 727 1050 1227 1110
696 393
309 725 1035 519
541 863 1040 924 1273 225
677 428 1177 488
326 1462 26 802 446 370 187
1395 226 203
1536 606 1010 627 217 1032 144
500 184
502 985 1095
1211 415 419 1234 1490
439 1148
1304 1254 1404 955 1159 1375 312
1123 1046 863 1412 1323 447 1516 281
827 351 222 1437 494 205 1487 345
168 771 1347 1177 860 251
330 1505 1095 353 1023 985 270 1272
73 277 494 1403 234
17 860 1448 535 1257 236
751 608 625 575 724 275 479
826 1188
399
489 1371 283 1258 1448 466
1223 1533 1017 1007 624
1237 322 365 648 944
1314
405 1260 1397 255 274 902 1305
466 1442 487
111 221 304 54 803 1259
1417 541 52
275
1550
823 1305 1002 1085 835
1139 1501 1145 1068
1280 1470
893 244 1047 611
624 1440 552 928 1357 801
1078 907 591
1336
427 1282 1419 277 587 1215 61
780 197 800 963
14 1350 873 330 401 1017
748 1098 49 492 721
626 322
336 752 1062 546
956 1278 1455 1338 130 640 669
960 831 488 1103 814 538 954
674 518 1400
252 641 618 1101 1211
943 520 643
254 1442 167 876 720 44
1376 434 1289 1426 284 181 1223
634 690 108 297 873 1117 800
293 549 925 209 798 176
1415 1099 490 346 363 313
469 1139 1515 386 1388 352
1203 887 278 548 564 515 664
651 229
1250 1134 1483 435 878 1521 1150 1433
1059 543 946 150 154 969
51 108 1083 1272
1103 415 1336
148 991 22 957 121 658 1020
795 585 801 152 955 518 1001
1252 1163 287 942
1156 1426
1410 1493 1243 434 890 667 191
415
919 243 299 1274 320 482
386 282 1324 267 1028 1032 290 546
1530 1480 71 1180 1384 42 537 1340
1061 572 894
1371 56 1298 688 545
570 880
1396 1518
1156 1506 44 487 1129 1173 1456
1310 607 744 1160
1170 295 950 128 1449 1333 124
509
946 1362 1258 742 1145
932 1375 46
1188 1338 889 1093 1309 246 1049
962 779 1328 1239 363 1432
527 1329 893 1375 1485 11
1552
963 847 1196 1292 1444
1094 19 129 212 1521 712
659
1081 33 476 1119
409 1318
1315 161
640 1429 208 25 574 71 753
524
682 139 1354 412
1554
965 848 1198 149 179
1484 409 519
636 253 1401 659
1497 34 478 1120 1164 1447
1536 1060
142 957 69
119 1440 1323 115 625
741 718 1201
733 1136 340 344 1159 1415 233
407 1356 1212 1229
120 1389 1113 1529 281 1323
301 584
1432
457 1260 823 1306 1416 1499
21
991 874 1224 1319 204
1122 46 157 240 1548 739
589
1012 1521 406 1049
437 1346
543 613 1229 526 663 1079
705 934
1304
422 638
1287 745 401 1017 728 451 867
1002 141
817 966 517 307 523
1070 181
1363 1273 398 1053 231
1107 897 1113 464 853 830 1313 1423
196 80 429
1468 181 197
979 503 1518 31 647 1502
728 1237 122
1543 1493 85 1194 1397 56 551 1354
1074 586 908
1384 70 1312 702 559
292 602 86 76 1251 841 99
1295 1124 808 199
1515 28 644
1320 1443
764 1113 65 508 1151
641 751
377 793
483 1205 183 959 190 526
522 672 223 427
1279 763 753 370 374
1237 1281 6 715
245 728 838 921
465
1078 1001 818 1368 1278 402 1058
1428 1511 1261 452 908 394 1476
434
937 261 317 1293 338 500
501
564 940
98 780 291 614
1531 1548
40 1348 539 1408 772 709 167 1381
424 1412 736 1206 623 813 1389
1547 1137 395
378 1114 1291 1175 1524 62 505
1184
1488 558 962 579 169 985
1236 1293 710
454 937 1047
1261 464 468 1283 1539
391
508 751 435 1383 1240 1257 1207 1356
1057 980 797 1346 1257 381 1450
1504 29 1337 528 1398 761 285
923 1019 1462 547
1493 844 1233 1210 134 245 328
1270 367 1104 575
479 430 579
242 313 929 226 363
989 1165 1049 1398
756 306 510 726
458 448 65 69 884
1170 1453 604 34 916 1386
918 629
492
502 319 868 779
140 1382
433 916 1026
1142 760 350 1165
32 541 984 69 1257 1540 691
1104 1241
412 1347 511 1048 266 1054 1391
1216 154 956 933 1416
613
996 1545 1456 580 91 414
1546 1110 34 144
662 1039 1467 912 1434 1012 1135 352
1334 1311 236 443 526
44 167 942
965 1248 400 244 1126 891 308
358 761 1523 1527 784
1264 1547 698 542 1424 1481
1013 723 447
1029 673 596 413
1289 307 551 234 1183 1039
854 444 1259 371 748 1176 621
1338 1355 1305 1455 1005 795
1378 822 1345
1225 110 753 383
953
936 1392
179 940 944 202 458 834 119
302 158 175 125 275
355 1530 1534
1264 775 1098 1274
474 424 573
650 307 923 634
324 873 783
132 693 1297 315 144 1386
452 856 473 63 879 1548 1511
30 1075 1346
809 587 110
1094 125
1161
1243 1287 12 721 565 1447
420 1035 746 470
985 896 20
1220 1409
833 184 987 550
467 1282 394 770 1199
652 1534 446 1008 53
1141 1211
693
383 1171 1508 1325 316 227
1117 1333 684 1073 1050
141 730 108 830 1367
528 1104 1347
345 95
904 388 378 1553
1006 890 1239 191 220
1428 353
657 380 796 1106 687
271 367 810 1453 1496 221 517 361
878 496 86
229 885 63 1384 1267 59
1352 1435 1186 376 832 609 133
358
861 185 241 1217 1406 424
1473 225 1267 1256 874 878
1037
941 332 189 205 155 305 1414
1039 1162 380 24 1505 1322 313 224
304 1053 1509
1280 1242 527 1529
702 984 136 1538 862 918
1155 452 589
1269 499 836
726
376 60
670 1152 849 932
185 1027 58 994 158 694 1057
831 621 837 188 991 555 1037
22 1490 615 1270 448 625
756 1239 1349 1432
660 1502 947 1469
693 1402 1246
1144 495 884 861 1343
638
1434
498 848 1357 242
1226 1442 380 1183 1160 84
377
414 737 913 797 1146
678 1481 1045 1527 79 163 1471
202 938 1115 999 1348 1541
753 503 1252 149
383 1518 83 859 90 426 243
1452 283 260
1179 663 1066 270 274 1089 1345
266
422 625 842 1337 582
365 1208 239 1174 338 875 1237 881
735 1218 1328 1411 1161 352
1469 1380 504 1159 338
1213
69 152 1460 651 1107 884 408 1423
582 1292
304 254
104 853 1308
666 1042 326
873 1222 174 617 846
750 447
72 488 798
222 39
1048 1091 1374
429 219 435 1344 589
373 802 246 768 346 469 1245 889
354 837 947
1063 681 271 1086
341 851 1294 378 8 291 1000 844
1362 566 570 1385 83
493 1202
1455 1405 1555 1106 1310 1526 463
7 1489 1305
931 255 725 143 332 908 1151 835
1221 186
1022 1199
1315 319 922 1498 1328
1359 977 567 1382 494
199 908 752 76 132 1108 153 315
755 40 629
839 1348 233
96
1465 1442 366 63
581 957
115 797
142 1130 454 924 341
701 572 228 844 555 278
1435 320 963 1006 1289 27 1429
577 993 1303
727 544 1093
1343 1399 816
287 770
660 797 1213 1109 593 997 200
1036
1090 1040 1190 740 944 1160
557 1493 657 1194 1556 1200 1123 940
1258 1341 1092 283 1152 516
823 1478
1156 480 950 1511 556 1133 962
881 138 808 771 55 1058 22
525 475 625
385 456 1072 369 506
1034 1211 1094 1444
510 61 264
859 570
847
443 260 809
1156 68
651 441 657 8 811 374
690 1466 1110 1033
832 1435
859 210 599 576
493 1308 517 479 1322
1066 390 446 1422 467 629
242 138 1180 26 787 791 49
831 1074
1487 1465 389 86
895 1271 556 1144
1022 1304 456 1444 768
181 1103 626 497 154
630 1313 410 1243
894 911 861 1010
794 1210 1520 590
709
1478 1108 1391 542 386
103 559 336 1418 875
717 1399 910 1233 1410 1293
976 673 756 115 119 935
918 1240 1417 1301 92 602 631
1311 1181
1111 223
1404 1315 439 1094 272
857 647 863 214 603 580 1063
145 55 738 1393 571 334
879 1362 1472 1555 1305
1195 413 1202 1538
70 259 933 1176
906 843 300 1515 573 284 7 423
369 558 1134 1378 1061
485 209 625 934
1414 512 1248 1425
915 865 1015 566 356
1473 730
474 1023 934 58
1439 830
1070 1181 1264 1014
1237 268 1204
987 1430 101
934 1083 634 838 1054
1503 201 578 1420
382 425 708 1417 848 172 642
625 109
972 190 1392 1316 1132
1488 201 217
999 523 1538 51 667 1522
1136 88 531 1173 803
483 566 316
1365 622 878 1255 539 1128 506
692 642 792 343
992 1302 786 775
1518 137 20 370 879 617
694 1443 754 118 1200
841 1390 1301 425 1081 259
881 858 1340
872 1276
101 889 1226 1043 34
111 128 78 227 922 1126 1342
691 1479 258 75 624 121 803 314
1431 795 732 189
479 123
297 326 969 1012 1295 447 1435
486 902 1212 696
401 1137 1314 1197 1547 85 528
1110
1511 581 985 602 192 1008
1550 49 1024 69
94 550 327 1409 866
42 1096 221 1290 54 231
1067 1550 1246 1329 788 1537
1387 1298 422 1491 256
1229 1019
123 1204 1075 732
1009 932 749 1298 1208 333 988
1455 1538 1289 480 935 713 236
461
964 288 344 1320 365 528
529 425
941 1477
702 1051 3 446 675
287 1542 67 1375 566 1436 799
903 1253 204 234 876 920
468 1389 913 784 441 1057
1202 1551 89 532 1175 1219 1502
1258 555 692 1108
1216 340 995 174 1495 1378 170
554
991 1407 1303 787 1191
881 1324 1553
1137 1384 934 1138 1355 292
129 851 1388 192
102 572 1547 179
495 1364 728 252 123 1337 395
902 946
249 519 536 486 636
619 236
1499 278 95 644
1133 1376 1060 451 721
1134 1030 514 918
1247 1423 1307 98 608
433 410 893 589 672 423
473 1022 932 57
391 1339 1196 1213
104 1373 1096 1512 264 1306
266 549
1398 1414 1364 1514 1065 855
1534 979 1501 1079
1434 1278 602 659
205 1513
351 1393 238
554
977 1486 371 600
402 897
508 165 781 491 215 631
256 899
1269
1531 190
936 807 464 1079 790 514 930
553 397
782 932 482 272 489
938 50
1231 1142 266 921
1135 1405
1388 1472 1222 413 869 646 170
394
897 221 278 1253 1443 461
48 358 1400 1390 1007 1011
1074
1080 470 327 343 293 443 1552
8 131 906
1343 68 364 207 1089 1 563
322 725 343 1491 748 1418 1381
1555 945
1089 1199 1282 1032
946
956 773 1322 819
496 180
887 1369 1066 1149 899
1203 7 1209 1132
1344 1534 552
1267 1350 1101 292 1161 525
832 1487
1165 489 959 1520 566 1142 971
890 147 817 780 64 1067 31
534 484 634
394 465 1081 378 515
1043 1220 1104 1453
519 70 273
869 579
856
453 269 819
1165 77
660 450 666 17 820 383
699 1475 1119 1043
841 1444
868 219 608 585
599 1414 526 489 1331 775
638 590 274
1310
401 1256 1393 251 147 1189 35
754 172 361 937
1547 910 848 305
303 1505 1428 1245 236 147 829 340
287 1209 733 603 260
445 1128 225
861 1438
1291 122 99
1335 405 809 426 16 832
1083 1139
164 368 584 1493 324 301
617
45 1114 1436 55 1497
1174 111 914 891 1374
280 1216 379 916 1278 922 845
962 313 1116 679
693 1508 620 996 1425 870
1146 976 660 50
1367 1437 495
1171
356 1038 135
869 1031
1202 33
469 1085 382
326 1102 332 669 486 1035 532
717 413
427 843 1153 637
1047 1369 1546 1430 221 731 760 1403
629 1045 1355 839 829
616 1059 144
1285 1435 986 776 992 343 732
1077 894 1444 1354
618 302 1250
528 984 761 285 1397 1468 525
521 565
1549 1405 1422 1372
24 1306
890 268
690 867 750
1190 581 437 454 404 554 105 1453
13 562
1066 1348 86 1488 812 1282
1105 402 636
1219 449 786
676 520 1402 1458 876 1479 83 326
977 8
1044 1367 1543 1427 218 728 1171 1400
1014 1430 182 1224 1214 831 835
7 584 827 511 1459 1316 1332
1453 897 1419 997 1120 338
57 73 23 173 1282 1072 1288
539 1328 107 1481 570 480 1163
229 339 422 172 921 1377 1154
941 1291 242 685 914 958
409 1330 1268 725 382 998
1143 1493 444 473 1116 1160 1443
1296 1007 731 1147
1157 281 937 115 292 175 525
495
932 1348 100 728 1132
822 1362
719 403 1352
630 1086 863 387 1402 1472 530
235
1470 102 678
1393 1477
168 575 59 49 1224 1228 486
1268 1511 1195 585
344 1559 617
1293 1416
1053 1403 1499 384 1026 1070
204 1540 1063 520 591 1207 504
937 1220 371 215 1097 1153 571
718 1121 325 329 1144 1400 218
295 1244 1100 1117
1275 986 709 1125
1136 260 1329 94 270 154 503
1276 640 164
1439 883 1406 983 1106 324
43 60 10 159 1268 1058 1274
623 1411 190 7 556 467 1149
506
664 121 192 808 105 242
132 575 804 847 1130 281
1254 711 368 984 695 418 834
580 10 892 1362 780 969 1545
437 27 842 1512 331
756 600 1482
334 723 700 1183 1293
1025 602 725
336 1524 249 958 802 126 182
845 1221 506 1094
680 963 115 1517
638 334
251 667 977
401 218 767
726 1196 613 802 1379 64 1306
676 1345 164 592 37 559 137
1110 1259 810 600 816 167
858 436 558
169 1357 82 791 635 1517
1292 350 1205 1342 200 96
346 389
1373 1230 1246
470 408 1423 1080 137 1406
1021 1530 2 644
1493 844 89 1210 135 245 328
979 76
729 53 523 1085 130
1315 1386
770
460 1249 28 1403 394 304 987
53 163 246 1554 745 1201
189 872 383 705
356 372 322
801 258 1473 530 241
584 907 1084 967 1317 268
721 471 1220 532
661 238
1382 1266 57 153 596 1239
1422 320 97 1179
660 1436 666
184 893 737 61 117 1093 138 300
352 1194 225 1161 325 862 80 868
1136 60 1315 1398 1148 339
1243 1154 278 1347
3 1417 1434 1384
36 1318
610 1133 710 833 51 1253
78
1130 1107 31 142
951 913
485 1167 264 1001
360
942
926 1381
460
988 366 1088
690 919
1289
407 623
1272 730 386 1002 713 436 852
404 1392 716 1283 701 890 1467
67 1215 472
456 1192 1369 1252 44 139 582
1262 719
1062 174
1064 975 99
788 1391 1553 239 1480 871 1141
435
951 1288
1471 142 186 469 1178 1022
1220 876
261
1509 1153 1076 893 1442 1353
1073 1290 641 1444 1007 1489 42
93 776
1265 1109 433 903 1464
582 40 110 726 23 160
1220 105 747 377
947
930 1386
464
1090 468 1190
695 924
1294
412 628
986 443 100 715 426 150
453 482 1125 1169 1452 603 33 915
557 147 962 74 450
488 332
1008 1158 708 498 715 66
1145 722 845 63
246 302 1278 323 485
1190 248 1103 1240 98 1552
244
78 95
145
1486 544
1344 629 1217 595 1317
728 918 1494 179 1421 812 668
1546 416 1419 383 1519 84
697 967 984 934 1083 634 424
674 1450 680
1464 615 459 1341 1398 815
932
476 1291 1547
136 313 197 546 1056 1499 170
1247 904 1520
638 1174 1536 1180 1104 920 1470 1380
1461 651
196 185 1361 951
988 1338 1434 319 961 1005
1309 1086 610 67 138
711 1393 491 1227 990
334 551
909 366 436 1052 349 486 902
526 370 1349 1405 823 1012 30
479 483 1299 1555 373
825 255
931 1080 631 421 637
1184 296 672
522 406 755
1284 1554 13
504 27 1042 1113
976 1313
1496 580 210 493 1202 1046
74 145 761 58
162 711 208
725 143 332 908
1518 881 819 276
662 307
384 413 1055 1099 1382 533 1521
573 989 1299 783 773
1420 305 948 991 1274 12 1414
465 881
280 1416 1538 756 1545 324 140
1349 180 254
1076 560 963 167 171 986
1529 28 1003 901
1217 529 1450
262 1105 136 1072 235 772 1134
909 699 915 266 1069 632 1115
1366 1277 401 1056 235
1110
1427 1510 1260 451 907 684 208
821 1330 215
492 442 592
1522 34 650
912 1449
673 1022 1532 417 646
647 344
260 676 986
410 227 776
735 1205 622 812 1388 73 1315
685 1354 173 602 46 568 146
1119 1268 819 609 825 176
867 445 567
178 1366 91 800 644 1526
1301 359 1214 1351 209 105 1147
267 323 1299 1488 506
1186 244 1512 1236 94 404 1446 1436 1340 1024 414 271 287 237
102 772 1148 19 1022
742 1212 216 819 1395 1225 909
692 1362 1325 609 54 576 153
738 888 25 228 445
991 1247
1284 781 1463 974
1091 947 639 723 473 1222 533
783 706 523 1072 983 107
434 1343
954 611 1227 937 661 1077
1091 175 219 502
473
523
960 1376 128 756 1159
849 1292 377
58
1040 1523 75 158 1466 657
508 4 395 1464 229 406 289 639
1288
1537 1154 1159 416 672 1048 333 921
137 1485 143 1052
278 1453
305 228 45 594
1497 1326 1010 401 671
1084 1394 465 868
53 1374 1257 49 558
109 87 569 679 763 513 1262
1222 1398 1282 73 583
700 677 1159 856 939 689 1438 749
814 1457 1500 225 934
988 179 1048 412 1493 1364 1021
1404 489 532 815 1111
1190 380 836 613 137 1152 1223
145 787 417 700 1410 1253 577
721 617
842 1378
602 952 1461 346
64 280 775 20 94 577 273
616 1007 518 841
491 508 458 608
392 808 1117 602
695
1464 1508 233 528 372
89 545 322 1404 861
1206 1117 241 896
1013
568 1477 308
1211 1107 591 995 198
1225 1454 1497 222 932
888 79 948 312 249 1264
64 241 124 474 983 1013 97
5 1220
604 981 1409 854 1376 954 1077 294
985 962 1445 1555
806 769
340 1022 120
853 1015
1186 17
454 1069 366
19 795 25 362 179 728
59 262 479
665 389 805 1115 599
183 692 721 1364 1408 133 842
867 590 1006 1316 800 790
431 727
1297 1247 1397 947 737 954 305
993 1330
1222 307 1494 219
895 872 1355
1178 24
504 1292 71 1446 437 1492 616
387 83 167 1475 666 1244 608 545
728 1011 162 1150
272 382 465 216 965 276 1198
1302 93 189 632 1275 1318 1310
1066 364 501
1180 411 748
637 481 1363 1420 837 1440 45 288
939
949 766 1315 812
490 173
880 1362 1059 1142 892
1196 1558 1202 1125
1319 1509 527
1228 979 170 1039 403 1484
977 155
1536 448 1010 55
468 924 701 225 1240 1311 369
778 408
1392 104 121
903 427 1442 1513 570 1425
1040 1549 434 663
368 863
474 131 747 457 181 597
222 865
1235 626 482 499 449 599 149 1497
446 995 906 30
1411 802
654 764
681 1097 1407
831 648 1197
1544 42 1018 63
379 834 612 136 1151 1221
127 11 360 870 1313 1542 27 310
227 1269 1259 876 880 138 393 770
158 307
757
76 1358 216
27 1508 1325
1241 565 1035 39 642 1218 1048
1355 613
357 906 816
920 338 941 1103 1347
1157 454 592
1174 404 741
728
379 63
672 1155 851 934
479
703 626 443 992 903 27
743 94 897
1483 235 1277 1266 884 474
950 274 744 1306 351 927
126 436 1065 1468 1085 675 1491
812 1055 739 130
180 250 866 163
267 816 313
831 248 438 1014
791 1207 1517 1001 990 608
953 383
1059 1209 759 549 766 117
1196 773 896 114
297 767 1329 374 950
1241 299 1154 1291 149 459
806 436
153 423 440 390
186 323 739 635 119
970 1480 365 594
298
125 874 185
1100 1477 761 1350 728
1444 861 1051 69 312
976 686 410
992 636
397 840
197 1439 829
107 563 340 1422 879
1224 1135 259 915
1031
975 326 715 692
706 1521 219 596
73 302 346 629 1338 1182
1380 1037 94
770
1513
1390 1419 504 548 831
285 35
844 329 318
634
1179 1275 160 803 846
403 487
736 1046
4 127 903
1023 1306 457 301 1183 1239 657
415 819 22 26 842
1224 1507 659 502 1384 1441
1361 1072 795 1211
736 1418 930 1252 1429
457 673 24 827
717 307 1122 234 611 1039
1451 469 299 1540 931
1101 1518 269 898 1301
1088 1531 616 246
816 1205 1182 107 217 300 50 799
1290 175 404 448 731
185
1527 584
1287 572 1160 538 1260
380 570 1146 1389 1073
497 220 636 946 430
111 207 650 1293 1336 61 357
382 519 935 1245 315 719
1504 656 500 1382 1438 855
972 1109
279 1215 379 916 133 922 967
1181 118 921 898 1381
578 1514 678 1214 18 1221 1144 961
1261 1344 1094 285 1154 518
825 1480
1158 482 952 1514 559 1135 965
883 141 810 773 58 1060 24
528 478 627
388 458 1074 371 508
1037 1213 1097 1446
512 63 267
862 573
849
446 263 812
1159 71
653 443 659 10 813 377
401 1177
389
478 1360 272 834
1005 195 651 428 1510 967 1038
1518 602 232 515 1224 1068
1266 1337
586 1429
426 1495 260 437 320 670 1179
418 355 1371 1027 85 1354
968 1478 1507 592
1441 792 37 1158 82 193
45 1526 1343
1260 584 1054 57 661 1237 1066
1373 631
375 924 835 1517
1049 439 710 726 676 826 1521
1438 416 1192 423
1529 946 1136 154 397 81 1029 886
179 715 1077 721 645 462
1204 755 545 761 112 915
769 891 109 1312 1235 1052
1503 1054 844 1060 411 800 777
1253 244 155 837 32 768 531
235 984 1149
506 882
40 722 233
456 1032
886 131 108
929 414 403 20
1323 1206 1556 507 245 888
1071 382
702 319 1468 725
296 392 835 1478 1521 246 542 386
904 521 111
255 910 88 1409 1293 84
1377 1460 1211 402 857 635 158
383
886 210 266 1242 1431 450
37 347 1389 1379 996 1000
1063
967 357 214 230 181 330 1439
1064 1187 405 49 1530 1347 339 249
330 1078 1534 1311
97 219 995
745 1028 179 23 905 961
1198 495 633 1049
742 1425 936 1258 1435 1318 110
495 1416 1354 811 468 1083
1520
971 401
839 389 179 396
832 822 439 29 942 54 430
93 1042 1312
484
921 1337 89 717 1121
811 1254
708 392 1341
619 1074 852 375 1390 1461 519
224 267 550 1259 1103 427 483 1459
474 730 1107 391 980 358
1500 1184 574 431 447 398 547
146 1281 1404 622 266 189
696 846 397 187
1356 426 829 447 37 852
1104 1160
185 388 605 1514 345 322
735 1511
309 818 1261 1490 1534 259 968 812
916 533 537 1353 51
558 1267
1423 1373 1523 1073 863 1080 431
1242
399 576 460 809 905 1348
1522 713
1401 247 1422 1012
636 985 1495 380
1364 22 931 1320 1297 222
928 159
236 679 908 951 1234 386 229
134 550 860
284 101 650
899
870 727 743 693 843 394 184 400
1240 1150 275 930
755 1025 1042 992 1142 693 483
732 1508 738 1075
1262 307
1289 640 1029 1006 1489 41
1037 1374
1557 228 272 555 1264 1108
136 1351 408 119
1367 358 269 951 462 785 962 845
337 1552 610
1286 1409
1144 1493 31 474 1117 1161 1443
1200 497 634 1050
769 1452 549 1285 1048
393 609
1355 813
1156 1412 230
80 1522 313 823 1266 1495 1538 263
1040 524 514 131
1433 1317 108 618 647 1387 1431
854 1470 1181 904 1320 72
31 74 357 653 497
311 766 544 67 1083 1153
350 234 583 1093
758
1488 13 1322 512 968 745 269
882 1392 277
140 90
1498 689
1500 1489 1107
158 840
185 1173 497 967 385 574
322 738 1048 532
528 1264 1441 1324 116 212 655
946 403 474 1089 386 524 940
660 504 1386 1442 860 1463 67 311
962 1550
1028 1351 1528 1411 202 712 1155 1384
999 1415 166 1209 1198 815 820
1550 568 811 495 1444 1300 1317
1437 881 1403 981 1104 322
332
623 1012 989 1472 24 107 1416
147 883 646 530 879 1389
697 448 1197 94
637 1359 338 1113 344 681 498
1001 246 223
1045 529 519 136
1535 1419 210 720 749 1392 1435
568 1183 894 618 1034
179
362
478 308 1550 940 1210 1227 1274 1424
1021 1357
1249 334 1522 247 956
1326
417 1272 1409 267 164 1206 51
770 188 377 953
5 926 864 321
319 1521 1444 1261 252 163 845 356
303 1225 749 620 276
753 1435 532 1269 1445
85 301
950 408 478 1094 391 528 944
665 509 1391 1447 864 1468 72 315
966 1555
1033 1355 1532 1416 207 717 1160 1389
1003 1419 171 1213 1203 820 824
14 591 834 518 1466 1323 1340
219 768 679
27 588 1192 210 39 1281
347 751 368 1516 774 1443 1406
1483 970
1114 1224 1307 1058
1280 311 1247
739 1182
540 224
833 1316 1012 1095 846
1246 50 1253 1176
121 310 886 1130
568 92 1521 1178 235 1504
1119 1214 100 742
33 942 1331 1308 233 343 426
1077 174 911
973 1216 900 291 561
974 871 355 758
1087 1264 1147 1497
854 405 317 533
556 546 163 167 983 1239
121 1096 1286 304 547 231
1146
1076 520 1042 620
685 529 1411
262 651 628 1111 1221
1341 919 1042 260 1048
925 609 1558 270
1387 445 1300 1437 295 191 1233
741 798 215 404 981 1224 908
691 947 1324 608 1197 575 1297
323 473 24
207 823 533
160
1462 560 1296 1473 1356
620 1529 360
971 1281 352
522 1071 982 106
1487 975
1119 1229 1312 1062
1285 316 1252
1035 1478 149
1000 1150 700 904 1120 58
1453 617 1154
448 492 775 1484 914 238 708
382
925 1353 798
1008 1104 1547 631
1480 831 1220 1197 219 329 412
1355 452 1188 951
564 514 664
327 398 1013 310 448
1073 1250 1133 1483
840 391 595 811
435 52 56
1053 564 886
1363 48 1290 680 537
950 1260 744
501 1050 961 85
1175 565 836 852 803 952 503 293
800 1349 1259 384 1039
1542 679 883 1099 450 839 816
1001 1551 1047 172 1241 5
1138 1115 40
1421 1411 1028
1346 470 1539 304 481 364 714
1390 753 277
91 1094 58 1194 1316 534
545 561
320 70
879 1508 353 1528
859 742 1092 43 486 1129
1409 307 84 1166
550
1147 658 981
1457 142 1384 775 631
947 1257 838
595 1144 1055 179
416 1365 1221 1238
1396 1107 830 1246 1556
275 624 720
1520 1537 1487 78 1187 977 1193
445 1233 12 1387 378 289 971
37 147 230 1539 729 1185
173 856 367 689
340 357 307
785 242 1457 515 225
569 891 1068 951 1301 252
705 456 1204 516
645 223
1367 1250 42 137 580 1223
1406 304 81 1163
644 1420 650
168 877 721 45 101 1077 122
1239 442 446 1262 1518
370
486 729 510 1459 1315 1332 1282 1432
1442 1365
1257 342 385 668 1378 808 132
275 585 69 59 1234 824 82
1375 1204 888 279 276
592 902
1515 80 856
879 1162 313 157 1039 1095 513
271 675 1436 1440 698
1080 1363 515 358 1240 1297
1217 928 651 1067
1078 202 1271 36 212 96
826 936 1019
670 260 1076 187 564 992
234 811 640 324 1273 1543
969 559 1374 486 449 1291 736
186 203 153 303 998 1202 1418 769
196 879 390 712
1532 1549
1308 1058 249 1118 482 419
203 526 702 586
240 390
839
450 173 589 899
991 88
1324 648 1118 121 724 1301 1130 814
56 578 156 279
356 1238 1294
187 164 647 757 840 591 1339
1202 1379 1262 54 564
777 754 1237 933 1016 767 1516 827
892 1534 20 303 1012
968 159 1029 392 1474 1345
533 710 593 943 1039 1482 566
1230 1301
685
375 1163 1500 1317 308 219
1497 156 1065 1454 1431 355 466
104 786 297 620
270 287 237
1104 561 218 833 544 267
571
1033 1503
236 26 242 1151
669 286 1434 692
360
450 1332 244 805
976 167 622 400 1481 939 1009
1101 185 1373 98
774 751 1331
1154
1497 528 1464 628
1106 950 274
270 1073 1050 1533 1229 1312 1063
305 627 804 687 1037
860 105 1226 151 261 344 95 844
1334 219 862 906 1189 1484 1328
477 893 1203
626 443
1143 772 1055
13 217 433 1342 173
1515 799 1485 863 27 564
1080 936
920 1003 753 1502 813 177
96 1165 1487 106 1548
908 259 1062 625
542 1358 469 846 1274
727 51 521 1083 128
1216 1287
671
361 1150 26 1401 392 302
1484 142 1051 1440 1417 342 452
90 772 283 606
257 273 223
1090 547 204 820 530 254
557
728 1198 616 805 1381 66 1308
678 1348 166 595 39 562 139
432 582 133
316 932
1318 602 47 569 147 270 1045
309 513 729 80 469 446
471 1247 478 814 631 1180 677 1360
1507 818 182 119
1061 1423 1068
294
410 653 337 1286 1142 1159 1109
724 1246 823 946 164 1366 1289
1406 757 1146 1123 48 158
1154 1491 1308
1225 549 702 120 723 885 1129
1047 305 561 937 221 810
1087 1330 1014
175 924 235
1151 1527 812 1400 778
1203 620 809 1386
437 1359 882 753 410 1026
2 351
1400 418 247 1489 880
759 1175 1485 555
965 143
1524 22 998 43
456 912 689 213 1228 1299 357
353 396
1380 1237 1253
477 415 1430 1087 145 1413
1028 1537 9 651
1500 851 96 1217 142 252 335
986 83
1319 643 1113 117 720 1296 1126 809
51 574 151 274
78 960
904 41 244 461
484 887 91 95 910
1390 115 824 668 1550 48 1024
782 772 389 393 1209 1465 283
360 1309 1165 1182
170 1439 1162 20 330 1372
624 907 1202 1046
1337 1447 1531 1281 472
389 1177 1514 1331 322 232
1511 169 1078 1468 1445 369 479
117 800 311 633
284 301 251
1117 574 231 847 558 281
585
1047 1517
250 40 256 1165
683 300 1448 705
374
463 1345 257 819
990 181 636 413 1495 952 1023
1114 199 1387 112
788 765 1248
1168 13
396 1185 1521 1338 330 1384
1130 1347 284 1087 1064
155 743 121 843 1380
1516 535 778 462 1410 1267 1284
1015 460 982 560
915 759 83 553
74 1383 573 1029 806 330 1345 1416
1214 1058 382
792 1181 1158 82 193 276 26
413 735 912 795 1145
968 213 190
720 204 194
510 421 1103 614 937 1113 997 1346
535 1150 861 584 1001
1412 1296 87 183 626 1269 1312
736 1352 649 786
1399 1310 434 1089 268
729
1459 1543 1293 484 939 717 241
465 975
532 775 459 1407 1264 1281 1231 1380
1488 1411
36
647 65
1020 1236 587 1390 953 1436 1546
428 1111 208
844 1421
1177 8
445 1061 358
1550 768 1556 335 152 701 612
266 748
638 775 1191 1088 572 975 179
723 913 1489 174 1416 807 663
274 1116 147 1083 247 784 1146 790
644 1126 1237 1320 1070 261
1378 1288 413 1068 246
1122
1438 1521 1272 463 918 696 219
832 1342 227
504 162 312
1533 46 662
924 1460
685 1034 1544 429 658
659 355
272 688 998
422 239 497
746 1216 634 823 1399 85 1326
793 1463 282 710 155 677 255 377
188 577 554 745 856
976 553 676
287 1475 200 909 753 77
1021 79 934 1071 1487
218
402 1111
1267 1217 1367 917 1121 1337 275
1474 1397
22 665 709 992 143 1131 455 925
856 114 783 1160 31 1033 1555
598 548 698 248
897 916 1544
157 706 616
1012 429 1032 1195 1438
1346 643 780 1196
771 1214
669 353 1301
166 1035 399 336 1351
16 1484 336 1405 169 346
768 1251 1361 1444 1195 385
333 243 926 23 759 936 819
684 1140 917 441 1456 1527 584 1439
881 937 355 958 1120 1364 1048 438
715 1437 415 1191 421 758 575
1079 324 301 783
1130 1386
1009 920 44
1147 1336
469 1378
989 645 1261 972 695 1111
1125 210 254 536
799 776 1258
1082 1485 1102
1420 545 1200 378 141 25 374 884
592 1447 26 442 338 1380 226 987
958 349 205 222 1439 30 1139
1056 34
816 1166 118 147 790
377 487 570 321 1070 381 1303 826
1132 1415 152 1554 878 1348
1171 566 703
1285 516 853
742
393 77
395 877 988
1104 308 312 1127
382
885 209 265 1241 1430 448
1497 249 1291 1280 898 902
673 1555 467 1442 74 650 893
787 44 714 1090 1519 963
949 778 462
1498 689
1377 223 1398 988
709 1058 10 453 1096
586
1035 493 563 1179 476 613 1029 925
751 1327 12 1254
1334 791 448 1064 775 498 914
952 382
766 916 467 257 473
922
506 1282 927
541 836
1406 1356 1506 1057 847 1063 414
811
383 146 29 379 888 1331
1408
596 1451 31 447 343 1385 230 992
963 353 210 226 176 326 1435
460 996 1358 1002 925 742 1292
1293 856 1339
18 7 1183
234 916
1114 958 282 752 1314
432 1447 1518 575 1430
313 1049 812 695 1045 1554
766 516 1265 163
414 1136 115 891 121 458
454 604 154
435 1050 761 484
1000 911 35
846 1036 54 297 1539 929 786
397
913 933 750 1299 1210 334 989
1359 1443 1193 384 548 326 1407
365
868 192 249 1224 269 432
433
495 872
30 712 223
154 730 974 658 48 1463 1479 1429
484 129
206 235 877 921 1204 355 1343
201 617 927
350 167 717
675 1145 149 752 1328 1158 841
722 1392 1354 639 83 606 183 306
117 506 483 965
924
508 1284 514 851 668 1217 714 1396
1252 563 1485
297 1139 170 1106 270 806 1169 813
667 1149 1259 1343 1093 284
1401 1311 436 1091 269
1145
1461 1544 1295 485 941 718 242
564 1073
630 874 558
35 784
12 415 1177
228 911 422 744
103 120
267 17
827 311 300
617
1453 404 433 1076 1120 1403
1201 725
1268 525
269 818 729
77 639 1242 260 90 1331
689
1032 476
807 1543
1367 1423 840
20
1525 1049
34
1455 433 1209 440
1157 575 764 1340 26 1268
625 614 232 236 1051 1307
189 1165 1354 372 616 300 1248
48 424 853 297 820
391 953 1556 574 404 87 1036 1306
987 1110 328 1116 1453 1270 261
1019 996 1478 30
523 899
57 739 250 573
223 240 190
668 125 1340 398
1540
951 835 1184 136
189 1537 196 1105
622 239 1387 645
22 118 561 1204 1247 1530 268
293 430 846 1156 226
1465 417 860 1502 1132 1415
360 1442 899 970
541 878 695 1244 741 1423 935
988 1071 822 12 882 245 183
699 1208 1238
1223 1173 1323 873 663 880
787 1310 887 1010 228 1430 1353
1179 530 919 896 1378
989 1511 1089 1212 430 1218 1555 1372
520 604 354
1111 369 625 1001 285 874
1151 1394 1078 468
615 272 888 599 322 738
364 1007
1377 767
497
1043 914 571 1187 898 621 1037 1347
1463 482 311 1262 652
823 1239 1549 619
1126 304 67
610 294 1242
520 976 753 277 1292 1363 421
125 169 452 1161 1005 329 385 1361
376 632 1008 293 882 260
1110 794 185 41 58
764 248 238
554
1390 1486 371 1014 1058 1341
1121 644 101 172 788 85 222
1110 261 105 987 1044
153 1234 691
1540 918 82 619 1394
65 308 1550 940 797 813
518 1333 31
1057 1233 1117 1466
824 374 164 381
526 516 133 1281 539 1208
1552 555 1158 177 6 1248
702
1045 490
821 1557
1380 1437 854
695 1178 1288 1371
502 1344
342 1411 175 352 236 585
1076 1159 910 100 970 333 271
884 1393 1423
141 91
1500 690
1502 1491 1108
160 842
1331 1175 499 969 1531 576
324 740
430 7 130 906 136 473 290 839
692 442 1191 88
631 1353 332 1108 338 675 492
1384 629 606 1088 785
930 94 631 993 637 560 377 926
1070 820 11 880 341
1150 967 1516 1427 551 1206 384
1368 1119 310 765 543 66 1081
898 1341 425
9
991 1474 26 109 1417 608
556
978 1488 373 602
15 510 1313 1290 214 1469 1552
936 447
1366 690 1160
345 1466 391 501 584 334
93 642
1146 1428 166 10 892 1362
1185 482 619 1035
1143 267 922 101 1422 1305 97
481
918 1334 1230 714 1118
808 1251
705 389 1338
202 1071 435 372 1388 1044
90 1532 323 833 862 1505 1548 273
190 1232 1222 839 429 1245 357
809 493 1442 154 171
489 1117
1128 345 1134 1471 1288 279
1264 1468 126 1035
553 1314
166 503 320 578 74
257 207
155 904 215
451 827
82 764
109 1097 421 891 308
571 442 98 714 425 148
1305 190 833 876 1159 1455
869 327 397 1013 310 447 863
195 39 921 978 395 998
649 1065 961
896 713 1262 759
436 120
729 1212 908 991
245 1087 118 1054 218 754 1116
891 681 897 248 1051 614 1097
82 1550 675 1330 508 685
816 1299 1409 1492 1242
1229 447 1236 14 1389 380
1269 1473 131 1040
266 1027 1031 289 545 921 206
486 342 359 309 459 10
1317 602 1190 568 1290
701 891 1467 152 1394 785 641
1519 389 1392 356 1492 57
670 940 957 907 1056 607 397
647 1423 653
1437 588 432 1314 1371 788
905
546 1361 59
109 286 170 519 1029 1472 143
1220 877
261
48 1250 1174 991 1540 1450 574
1490 42 125 1434 624 1494
94 776
1265 1109 433 903 1465
680 137 208 823 120 258
147 590 1233 863 836 1546
863 320 391 1007 304 441 857
578 422 1304 1360 777 967 1252
143 147 962
1043 1365 1542 1426 217 727 756 1399
625 1041 1351 835 824
515 958 42
1281 1431 982 772 988 339 728
1365 1181 173 83 474 1129
541 930 907 1389 1500 25
105 1480 471 1526 650 161 484
1468 1218 409 1278 642 580 37
47 76 719 763 1045 197
756 627 284 899 610 333 749
82 1484 808 1278 281 885 1461
352 39 855 1525
522
1398 1454 871
616 1098 1208 1292
131 973 4 940 104 640 1416
437 520 270 1019
1087 1343
600 417 966 877
1395 812 1002 20 263
629 1551 1074 945 602 1218 929
133 310 194 543 639
1167 718 508 724 75 464
785 1455 1418 702 146 669 246 369
982
710 926 277
1103 160 1015 1153 11 1465
1390 8 1450 241 751 1194
162 965 942 1424 1121 1204
621
519 1068 978 103
1302 1492
618 408 624 1533 778 341
185 562 990 435 957 535
155 625 1187 232 808
549 1004 782 305 1320 1100 157
1356 534 297 180
621 11 281 298 248
68 923 1060 1476 1372 856
304 188
365 421 1396 28 604 847
1238 895
766 23 279 656
603 487 836
903 1146
1308 659 1462 1025 1508 60
1074 518 1040 618
1267 352 395 678 974
649 626
1015 1086 144 999 1136 1552 304 932
280 563 1273 1116
1499 850 1239 925 1408 1518 43
1241 459 1248 26
13 1415 739 795 213
1274
63
1005 383 1105
196 839
918 308 165 181 132 281 1390
1307 1430
1165 1514 52 495 1138 1181 1464
1221 518 655 1071
790 1472 570 1306 1069
414 630
1376 833
1176 1432 251
101 1543 334 844 1287 1516 1 284
1468 952 941 559 563 1378
46 516 1492 123
439 1309 672 196 67 1282 340
476 520 803 1098 942 266 736
817 1445 290
607
1029 1539 424 1066
66 975 1364 1341 265 376 459
1084 595 918
1394 80 1321 712 569
593 903
1419 398 760 404
1413 830 1020 38 281
1333 1044 767 1183
903 27 682 1418 37
526 742 93 482
883 473 1289 401 363 1206 650
101 118 68 217 912 1116 1332
292 1081 1418 1235 226 1280
1415 73 568 1371 1348 273
177 1380 1303 1120 111 21 704
158 268 351 102 851 162 1084
1187 1537 75 518 1160 1204 1487
952 249 387
969 297
373 816 1459 1089 1372 523 367
685 1101 997
835 652 1201
1451 1507 925 1114
1139 159 1081
1451 735 1324 702 1424 402
1015
545 1454
1065 722 1338 1049 772 1188
814 1456 1500
1190 741 531 747 98 487
755 877 95 884 1221 1037
222
1245 1356 1439 1189
1412 443 1379 542
1409 1253 577 633
57 1365 556 1426 789 727 184 1399
53 1041 365 835 252
612 483 140 755 466
395 1132 1308 1192 1541 79 522
813 271 341 957 254 391 807
528 372 1254 1310 728 1331 1493
384 388 1204 1460 278 1121
1119 137 380 64 1012
866 1282 34 1076 1066 683
1010 440
1116 1266 817 607 823 174
1156 733 856 74
354 824 1386 431 1007 837
516 1145
1155 373 1161 1498 1315 306
1292 1495 154 1063
580 1342
193 530 347 896 393
285 235
85 834
378 368 1543 1547 805
1285 9 719 149 1031 1210 627
677 667 284 1432 690 1359
242 803 1407 425 254 1496 887
100 63 905 350 872
30 1005 50 213 456 140 1088 1359
626 1162 380 1169 1506 1323 314 1368
1061 251 1121 484 422 1437 1094
16 658 702 985 136 1124 448 918
850 107 777 1153 24 1026 1549
8 1517 108 1217 1007 1223 574 963
709
1492 576 206 489 1198 1042
70 141 757 54
157 707 203
1012 430 619 1196 1439
544 255 1537 395 705 189 178 1354
1421 812
542
991 862 519 1135 845 569 985 1295
1120 138 1526
937 687 1436 334 111
1017 834 1383 1294
558 1508
560 1042 1152 1236
366 1209 239 1175 339 876 94 882
1150 74 1329 1412 1162 353
1470 1380 505 16 338
1214
69 153 1461 652 1521 885 408 279
1288 1292 1136 460 930 1492
51 188 604 914
1394 491 1227 990
894 571 721 1416 62
1470 727 983 1360 644 1233 611 1333
868 1363 608 585
502 1318 15
1332 1509 1392 184 693 723
897 88 957 321 1402 1273
364 541 424 774 578 1021
1098 289 745 522 46 1061 1132
53 696 326 609 1318 1162
1360 1430 488
750
1493 617 128
448 1024
781 26
49 664 375
319 681 34 1515 1332 323 234
1349 273
577 300 813 1123 607
191 287 730 1373 1417 141 437
502 918 1228
360
916 799 1149 100 543 1186
1369 267 44 1223
607
1496 1007 1329 1506 1389
776 1271 516 493
410 1225 1481
70 247 130 480 989 1019 103
1472
1389 1378 996
1314 438 1093 272 448 332 681
1041 818 342 1357
502 1290 69 1444 435 346 1028
94 204 287 38 787 1242
231 913 424 747
397 414 364
1133 591 247 572 283 6
310 339 982 1025 1308 459 1448
596 1012 1322 806 796
195
1070 1540
565 355 571 1480 311 288
701 1477 708 1045
1134 179
1161 512 901 878 1361
267 1203 367 903 121 909 1246
1460 397 1200 1177 102 1356 1439
532 43 366 543 426 776 1285
912 436 307 1522 579 290 14 430
1520 565 1141 970 654
78 215 631 941 11
1251 202 645 1288 918
579 662 413
1461 718 974 1351 635 1224 602 1324
859 1354 599 576
202 1017
347 897 807
58 1034 1223 241 485 168
1181 1170
1553 1197 1121 937
1522 540 370 53 1002
1172 30 340 969 1372 989
1309 1153 477 533
371 121
517 1559 404 1166
618 502 851
1502 1359 1376
308 246 1261 918 1534
518 30 352 529 412 762 1271
898 422 293 1508 566 276 1558 416
1506 551 1127 957 640
161 299 715 1025 95
1237 188 631 1274 904
583 667 417
1465 723 979 1355 640 1228 606 1328
864 1359 604 581
498 1313 11
1328 1504 1388 179 689 718
892 83 952 316 1398 1269
360 536 420 769 865 1308
1094 285 740 518 41 1056 1127
49 692 321 604 1314 1158
88 159 775 72
1442
506 856 1366 251
1526 184 679 1482 1459 384 80
520 1203 714 1036
396 412 362
718 589 246 861 572 296
283 726
83 1325
376 859 969
794 411 2
145 800 1537 1300 1183 1533
1268 1351 1101 292 748 525
321 1390 155 332 215 273
1056 1139 889 80 1047 410 348
863 1373 1402
1388 1338 1487 1038 828 1044 395
1498 1421
143 786 829 1112 1408 1252 576
719 1029
1272 1395
619 968 1478 363
80 296 1205 36 14 496 606
633 1315 826 1149 1325 1209
795 491
408 824 1134 618
1125
1481 1524 249 959 389
106 975 339 1420 1291
1223 1133 258 913
1029
146 895 1350
1121 1084 368
915 1264 216 659 1302 931
382 1426 950 407 478 1093 390 528
1349 767 956 1532 218 1460 850
38 415 1257 288 1224 388 924
1122 673 463 679 30
337 713 1142 587 1109 687 809
154
1469 21 104 1412 603
229 1017 1354 1171 162 73
1351 10 919 1308 1285 209
528 1316 95 1470 461 1516 640
411 108 191 1499 690 1 923 860
1141 1423 575 5 887 1357
889 600
462
473 290 839
1089 1559
680 470 686 37 426 404
720 1496 726 1063
861 1464 69 312 1554 944 1215
509 1351
349 1418 182 359 243 592
1374 1457
1416 168 1210 1199 817
1333 417 461 744 1453 980 304
448
924 1301
167 849
1338 1182 506 976 1538 583
331 747
437 14 137 913 143 480 297 846
680 431 1180 77
620 1342 321 1096 327 664 481 1373 617 594 1077 773
1210 374
1518 1401 193 703 732 1375 1418
842 1458 1169 892 1308 60
407 450 733 1029 873 197 667
67 696 1099 716 307 1122 234
298
454 658 874 225 614 591 1074
156 1211 335 1404 169 345
890 1373 1069 1152 903
1206 11 1213 1136
178 368 944 1187
917 440 311 1526 584 295 18 434
1524 569 1145 975 659
180 317 733 1043 113
1255 207 650 1292 922
602 685 435
1484 741 997 1374 658 1247 625 1347
882 1377 622 599
516 1331 29
1346 1523 1406 198 707 736
813 4 874 237 1319 1190
378 555 438 788 883 1326
1112 303 759 536 60 1075 1145
1528 613 243 526 1235 1079
107 177 793 90
194 743 240
758 175 365 941
1550 914 851 308
695 339
416 445 1088 1131 1414 566 1554 878
131 1279 537
520 1256 1433 1316 108 301 744
1326 783
835
419 1195
1551 503 946 30 1218 1501
543 67 1082 1153
1016 1353
1536 207 250 533 1242 1086
1284 941
325
15 1217 1140 957 1507 1417
1138 1354 705 1508 1071 1554 106
158 840
1250 1094 418 888 1450
277 1292 1362 420
4 1379 370 281 963 60 797
611 361 1110
667 923 1299 584 1172 550 1272
299 449 1557
182 798 509
550 1438 949 1272 1448
939 889 1039 589 379
1496 754 1423
1473 92 1533 325
1337 888 678 894 245 634
805 928 145 934 1271 1088 79
836 813 1296
1119
1462 493 1429 593
1459 1303 627 683
107
1449 507
918 203 792
1002 1511 1540 625
1474 825 70 1191 116 226 309
1348 446 1182 1359
558 508 658
321 391 1007 304 441
1384 1147 1030 1380
1248 385 588 805 156 545
10 547 1323 553 890
114 1063 919
796 160 97 1113 769 1385 1096 819
594 11
966 1183 534 1336 900 1382
142 1345 1268 1085 76
250 267 217 366 1475 1265 1481 832
285 967 65
701
418 568 1263
399 1015
1304 588 1177 555 1277
300 198 774 1017 701
125 1406 264
172 95 1470
1387 711 1181
366 1487 411 522 605 355
114 663
1166 1449 187 31 913 1383
1303 600 737 1153
1164 288 943 121 1442 1326 117
502
939 1355 1251 735 1139
926 1369 40
1182 1331 882 1086 1302 239 1042
974 791 1340 1250 375 1444
538 1341 904 1387 1497 22
6
665 549 898
1427 139 156
938 462 1477 1547 605 1460
1075 26 469 1112
403 1312
218 288 904 201
305 854 351
1160 577 767 1343 28 1270
724 714 331 335 1151 1407 225
11 959
689 799
716 1132 1442 926 916
703 1146 231 274
430 819 796 1279 1389 1472
1165 981 1531 1441 565
16
1095 20 130 213 1522 712
563
985 1495 380 609
22 517 1320 1297 221 1476 1
1040 552 874
1350 36 1277 668
718 375 991 701 425
1076 1252 1136
774 165 435 452 402 551
936 899
470 1153 250 986
637 653 603
1056 513 584 1200 497 634 1050 946
771 1347 33 1275
1258 715 372 988 698 422 838
972 402
787 937 488 278 494
943 55
1236 1147 271 927
1140 1410
1394 1477 1227 418 874 651 175
400
903 227 283 1259 304 466
467
530 906
64 746 257 580
230 247 197
675 132 1347 405
1547
958 842 1191 143 172
1478 402 512
629 246 1394 652
1490 28 471 1114 1157 1440
1530 1053
38 854 62
112 1433 1317 108 618
734 711 1194
726 1129 333 337 1152 1408 227
304 1252 1109 1125
114 1383 1106 1522 274 1316
276 559
1408 1424 1374 1524 1075 865 1081 432
273 955 53
689
406 556 107
290 905
922 206 1209 173 1308
306 909 1071 1315 999
550 554 1369 67 444 1286 317
1423
447 1250 1227 152 1406 1489 1240 431
1335 1365 449 493 776
133
14 630 340
1428 646 290 214 30 580 490
1314 238 349 432 182 931 1387
971 854 1204 155 598 1241
1521 419 196 1278
371 1147 377 714 531 1080 577
548 1030 727 810
451
967 890 707 1256 1167 291 1360
1025 1109 859 50 919
1169 1189 1006 1555 1466 590 1245 423
873 396 1412 1482 540 1395
621 1131
688 931 615
190 939 1394
751 1128 412
862 1211 163 606 835
448 144 227 1536 726 38 959 897
1177 1460 611 41 923 1393
1217 927 651 1067
786 1468 566 1302 1479
410 626 1535 366
767 357 1172 284 247 1089
234 396 640 324 1272 1542
554 558 1374 72 448 1291 321
1427
452 1255 1232 156 1411 1494 1244 435
1340 1369 454 497 780
138
1479 537
1337 208 1210 174 1310
308 911 1487 1316 1000 391 661
1125 409 1412 376 1512 77
690 960 977 927 1076 213 417
667 1442
1489 440 883 1112 1156 1439
1528 1466 923 580
953 877 693 1243 1153 277 1347
1303 1386 1136 327 1197 560
479 1134 313 489 373 722 818
859 383 1398 1469 526 1381
899 1408 293
279 229
79 828
1516 362 1123
272 954 465 788
438 455 405 555
338 754 1064 548
376 698 875 758 1108
640 1443 1006 1489 41 124 1432
261 997 1174 1057 1407 1502
714 464 1213 111
362 1498 63 839 69 406 223
1529 360 337 819
1069 1325
1071 568 1250
794 984 2 245 1487 878 734
442
958 881 698 1247 1158 282 1351
1016 1099 850 41 910
1160 1083 900 1449 1359 484 1139 317
864 387 1402 1473 531 1386
612 1122
679 922 606
83 832
1521 366 1128
276 959 470 792
443 459 410 559
52 468
572 1293 272 634 278 201
708 858 409 199
1368 852 841 459 49 864
1116 28
610 400 617 1526 357 334
650 1523 753
271 980 824 148 204 1180 225 387
439
955 1292
1475 146 190 472 1182 1026
54 1268 326 37
1285 276 187 869 380 703 879 763
255 1470 528
1204
486 1168 265 1001
652 669 619
974 432 502 1118 415 552 968 1278
1103 1266 1509
1017 768 1517 414 192
1001 818 1367 863
541 225
561 1044 740 823
368 1210 241 1177 341 877 1240 884
737 1220 1330 1413 1164 355
1472 1382 506 1162 340
1216
1532 57 1366 556 1012 789 313
926 1436 321 963
254
106 855 1311
668 1045 329
875 1225 176 619 848
364 61 144 1452 643 1512 876
689 1038 1548 19 662
152 262 346 96 845 156 1078
1279 70 166 609 1252 1295 20
1044 341 478
1060 291
368 811 1453 1083 1366 517 361
1068 1484 1380 864 1268
666 1109
467 151
760 1243 939 1022 773
1173 1535 1180 1103
48 237 813 1057
786 310 181 1396 454 164 1155
899 1194 1038 362
270 353
603 913
1428 1551
775 1125 76 519 1162
361 471 555 305 1054 1510 1287
1074 1424 375 818 1047 1091
542 1463 1401 858 515 1130 841
1292 17 727 157 1039 1509 926
1073
1003 447 969 547
903 747 71 541
1231 982 173 628 406 1487
1271 546 309 193
164 313
763
1518 97 513 409
501 12 334 511 394 744 1254
784 721 178 1393 451 161 1540
1284 435 1423 747 1217
1082 606
1149 406 1076 1452 323 1326 290 1425
547 1456
653 724 1340 637 774 1190
815 1458 1088
1192 329 532 749 100 489
342 879 97 885 1222 1039
1368 919 1122 1339 276 1079
544 1081 1540 1184 1107 924 1473
1378 941 1423 1534
475 852 1280 725 1247 825 947
389 1498
1294 1072 595 52 123
599 1282 379 1115
474 491
541 291 1040
597 853 1230 514 1103 481 1203
617 767 318 522
985 470 459 77
1281 1165 1514 466 495 1138
1030 341
564 181 1329 587
255 351 794 1437 1480 205 501 345
863 480 70
214 869 47 1368 1252 43
1336 1419 1170 361 816 594 117
633 1143
408 652 336 1284 1141 1157 1107
625
1105 96 6 689 200 522
1558 1121 46 156
674
364 8 1489 1306 297 208
1390
538 288 1037
594 1264 1227 511 1514 478 55
640 790 1485 130
885 370 773 1534 1539
1232 1276 1559 710 554 1436
700 1315 1026 750 1166 1475
1434 1477 202 912 342
156 1025 389 1471 1342
6 1475 599 1254 433 609
740 1223 1333 1416
547 1389 834 1356
677 1387 1231
55 964 1353 1330 255 365 448
686
324 553 596 879 30 1432 756
583 893
1409 387 749 394
1111 529 718 1294
346 1267 791 662 319 935
1468
505 349
1025 1175 726 516 732 83
774 351
1373
1556 707 551 1433 1489 907 1510
1457 661 665 1480 178 555
1206 1395
1233 170 973 950 1432 1129
1369 1292
1475 560 604 887 38 1026 350
202 512 1554 1544 1161 751 9
1205 1034 718 109
256 326 942 239 376
1318 1081 965 1314
155
1470 22 105 1414 604
521 1310 89 1463 455 1509 634
502
563 20 1235 292
1434 1251 243 153 835 346 669 846
351 222 1436 494 205
231 968 1144 1028 1377 1473
685 435 1184 82
333 1469 34 810 40 377 194
1499 331 308 790
1040 1296
1333 830 1512 1023 1346
372 576 792 1287 532
316 1158 189 1125 289 825 1188 832
686 1168 1278 1362 1112 303
1420 1330 454 1110 288
1261 1051
834 358 1373 1444 502 1357
874 1384 269
254 204
54 803
1492 337 1099
247 930 441 763
414 430 380
859 316 1531 588 299
642 965 1142 1025 1375 326
779 529 1278 590
719 296
174 57 115 211 654 1297 1340 65
1540 610 1014 631 221 1134 246
601 285 943
221 676 454 1535 992 1063
260
540 1250
1406 1356 1506 1056 1260 1476 414
1225
382
459 742 1451
1048 1264 615 1418 981 1464 16
456 1139 236
872 1449
914
897 1353
431
1374 338 1473
565 1207
1261
379 595
1244 701
1044 1300
1338 834 1517 1028 1350
377 580 797 1292 537
418
933 856 673 1223 1133 257 1326
1283 1366 1116 16 885 249
459 1114 293 469 353 702 798
606 1022 1332
853 670 1219
1469 1525 943 1546
304 760 537 61 1076 1146
52 1494 285 795 1238 1467 1511
1031 89 1358 1081 1497 249 1291
1556 468 1443 75
391 1260 624 147 18 1233
941 825 1174 1270
82 1430 88
178 315 731 1041 111
962 1472 357 999
387 1296
493 564 1180 477 614 1030
558 787
1157 548 405 421 371 521 72 275
1538 529
1033 1315 467 1455 779
580 1502 1026 897 553 1169 880
65
1446 464 2 1244 635
805 1221 1531 601
1108 286 49
592 276 1225
503 958 736 259 1275 1345 403
108 151 434 1143 1084 408 465 157 1199 1189 806 810 67 323
1093 777 167 24 137
261 1303 1293 910 501 1316 428 804
192 342
791
1546 125 542 851
943 40
1276 600 656 73 677 839 1082
1389 647 903 1279 564 1152 530
620 570 720 270
628 938
1454 433 795 439
1448 865 1055 73 316
1368 1079 802 1218
1229 353 1008 186 363 247 596
585 363
742 332 1148 259 222 1064
1476 81 324 8 956
1127 1543 1439 923 1326
1114 1557 228 271
427 1230 1207 132 1386 1469 1220 411
1315 1345 429 473 756
210 1518
770 254 243
560
1104 1200 85 728
19 928 1317 1294 218 329 412
1451 548 1285 1048
952 902 1052 189 392
1509 767 1023 1399 684 1272 650 1372
713 1209 453
651 961
1477 455 817 462
1470 888 1077 96 339
1391 1102 825 1241
1251 376 1031 209 386 270 619
590 367
844 434 1249 361 421 1263 708
159 175 125 275 970 1174 1390
350 1138 1475 1292 283 1338
1472 131 626 1429 1406 330 27
370 1052 563
495 1071
925
989 700 423
1005 650
313 756
1380 1064 454 724 741 691 841 392
871 688 1238
1487 1543 961 6
322 778 555 79 1094 1165
71 1512 304 813 1256 1485 1529 254
268 1310 1299 917 921 178 434 810
1368 1518 1068 858 1075 426 1228
1548
959 843 1192 1288 173
1382 306 417 500 250 999 1455
747 631 980 1490 375
123 605
495 632 1048 944 428 832
1229 380 224 1106 1163
1319 1256 713
4 940 104 640 1002
378 621 305 1253 1110 1127 1077
303 825 403 525 1301
676
1525 1076 866 1082 433 822 799
1276 1533 1444 568 1224 402 165 48
1390 1461 518
878 1414
638 988 1497 382
99 316 811 56 33 516 1479 4
840 1189 141 170 813
401 511 594 344 1093 405 1326 850
1155 1438 176 20 902 1372
1195 492 629 1045
1153 277 932 111 1432 1315 106
491
928 1344 1240 724 1128
915 1358
715 399 1348
212 1081 445 382 1397 1054
374 257
1466 97 673
1389 1472 1223 414 1283 647 170
1197 1293 178 821 864
130
1484 1555 612
1386 1508
732 1082 34 477 1119
610 720
345 761
452 1173 152 928 158 495
588 738 289 492
1248 732 721 339 343
1206 1250 1532 684
135 618 728 811
64 493 1495 459 37 160 936
710 500 717 68 457 434
750 1526 756 1093
891 1494 99 342 26 974 1245 1261
1049 266 1055
572 1282
1438 1388 1538 1088 1292 1508 446
1257
414
491 774 1483
1177 1393 744 1547 1110 35 145
488 879 1535 713
363
946
929 1385
560 178
174 511 327 877 787
970 920 1070 207 411
1528 785 1041 1417 702 1291 669 1390
926 1421 666 643
560 1375 73
1390 8 1450 241 751 780
857 48 917 281 1363 1234
422 598 482 831 927 1370 455
1119
1035 1439 1056
107 790
1279 1123 447 503
438 188 937
494 750 1126 411 999 377 1099
126 275
725 36 958 895 352 9 625 336
922
892 749 766 716 865 416 206 422
874 784
199 494 338 1220 132 694 1297 315
245 1087
207 863 41 1362 1245 37
1233 1316 1163 354 810 587
92 1161 1484 103 1544
1222 159 962 939 1421 1118
1358 1281
1464 549 593 876 27 1015 339
191 501 1543 1533 1150 740 1556
1291 1120 804 195
245 315 931 228 365
1016 779
896 313 916 1079 1322
1230 527 664 1080
677 1359 870 1193 1369 1253
839 535 618
1517 1521 779
762 1085 1261 1145 1494 446 475
766 637 294 910 621 344 760
481 325
1001 1150 701 491 707 58
749 327
1348
1531 682 526 1408 1465 882 1485
1433 636 640 1456 153 530
1181 1370
1208 145 948 925 1408
702 80
502 679
795 213
877 1093 444 1247 810 1293
344 1546 1469 1286 277 188
1467 125
774 231 302 917 214 352 768
100 1502 826 882 300
1073 530 600 1216 513 650 1066 963
1079 97 340 24 973
438 854 1164 648
1155
1511 1555 279 989 419
136 1005 369 1451 1322
1253 1163 288 943
1157 1427
1410 1493 1244 435 890 668 191
416
919 243 300 1275 320 483
387 283 1325 170 932 936 193 449
263 214
64 813
66 55 1231 1235
955 1305 256 286 928 972
423 1344 868 739 396 1012
1157 1506 44 487 1130 1174 1457
1310 607 745 1161
1171 295 951 129 1450 1333 125
509
946 1362 1258 742 1146
933 1376 47
1189 1339 889 1093 1310 247 1050
981 798 1347 1258 382 1451
448 1251 815 1394 1504 30
13
982 866 1215 1311 196
1113 38 148 231 1540 731
678 588
1050 202 45 927
738 821 572 1321
1092 470 1192
599 828
925 316 173 189 139 289 1398
1315 293 655 299
1405 823 1012 30 274
937 648
511
521 338 887 798
62 1303
452 935 1045
1161 778 369 1184
342 560 1003 88 1276 1559 710 554
1363 566 570 1386 84
591 1300
1456 1406 1556 1106 1310 1527 464
1275
432
509 792 1502
1195 1412 763 7 1129 53 163
215 898
1387 1230 554 1024 28 631
282 698
485 63 186 961 192 529 346 895
747 497 1246 144
687 1409 387 1163 394 730 547
1439 684 661 1144 840
986
982 892 16
1119 1308
732 83 886
1472 224 1266 1255 873 463
648 1530 442 1004 49
1137 1207
689
379 1167 1504 1321 312 223
1113 1329 680 1069 1047
138 726 104 826 1363
524 1100
857 102 79
900 384 374 1549
1002 886 1235 187 216
1424 349
750 473 889 1199 683 673
217 513 357 1239 151 712 1316 334
1530
488 825 642 1191 1101 225 881
1348 1431 1182 373 828 605 129
354
857 181 237 1213 1402 420
8 318 1360 1350 967 971
1033
938 328 185 201 151 301 1410
1035 1158 376 20 1501 1318 309 220
564 1019 797 320 1336 1406 464
679
1501 546 709
280 363
710 606
1122 101 876
899 1182 334 177 1059
41 962 900 357
646 290
464 494 1136 1180 1463 614 44 926
179 1328 585 1255
252 695
52 1294
443 925 1036
1152 769 360 1175
333 842 1285 370 1558 283 992 836
1354 557 561 1377 75
581 1291
1447 1397 1547 1097 1301 1517 455
1266
423
500 783 1492
1186 1402 753 1556 1120 44 154
497 1180 1544 722
373
955
938 1394
570 187
183 520 337 886 796
688 638 788 1483
988 884 368 771
1197 1374 1257 49 558
675 652 1135 831 914 373 1122
1399 18 1459 251 760 789
963 154 1024 387 1469 1340
140 316 200 549 645
762 739 1221
1142 1545 1162
214 896
1385 1229 553 609
155
1497 555 1410 1547 405 301 1343
852 908 325 515 1091 1334 1018 409
685 1407 94 456 101 24 1399
1049 294
414 1030 741 464
980 890 15
703 1306
439 1348
545 616 1232 529 666 1082
1096 180 1368 93
769 746 1229
1052
1395 426 1362
854 1297 1526
1110 1260 811 1014 1231 168
103 825 1361 165
348 818 236 425 1001 1245
1088 1464 335
1295 87 182 625 1268 1312 37
1060 357 494
1077 307
481 924 9 1197 1480 631 475 1357
488 492 1307 1272 90 933 1521
972 989 939 1089 639 843
1523 553 1489 653
1423 853 177 647
1337 1088 279 1148 512 35 1464
1061 1504 589 729 1012
369 120
929 1557 403 20
617 501 850 1360 245
1453 378 488 571 322 1070 1526 1303
1064 1107 1390 541 385
858
178 1459 317
128 51 1426
1343 667 1137
419 1540 464 575 658 408
458 1007 918 1309
1132 523 793 810 760 909 460 250
757 1306 1217 341 996
1499 636 840 1056 407 796 774
959 1508 1004 129 1198 1520
1095 1072
176 1445 1168 26 336 1378
338 621
1470
494 1297 860 1343 1453 1536
59 1434
399 443 725 1021 865 189 659
739 1368 213
529 440 1122 219 956 719 602 952
165
415
943 321 1043
645 874
1244
362 578
1227 685 341 957 668 391 807
535 1523 847 1317 735 924 1500
489 79 895 6 383
420 264
940 1090 641 431 647
1096 208
1487 1397 521 1177 355
331 535 751 102 492 469
882 100 888
406 1115
980 930 1079 630 834
684 1500 197 574
1293 378 421 704 1414 844 168
311 621 105 95 1270 860 118 788
213 163
111 860 1315
1086 1049 333
783 1132 84 527 1169
369 479 562 312 1061 1517 1294
1081 1431 383 826 1054 1098
549 1471 1408 865 522 1138 848
1300 25 734 164 1046 1516 934
1081
525
535 352 901 812
172 1414 805
83 539 316 1398 855
1200 1110 235 890
1006
950 301 690 667
681 1497 195 571
49 278 321 604 1314 1157
1355 1012 70
746
1488
1463 1492 577 620 903
260 11
820 304 294
319 229 911 9 745 922 805
200 1055 1192 50 360 988
1506 231
33 49 1558 149 844 1048 1264
515 1304 83 1458 449 1212 337
108 1362 1445 1196 387 1256
244 927
271 1259 583 1053 471 660
20 436
126 1261 1384 602 246 169
676 826 377 167
1336 406 809 427 17 832
1084 1140
165 368 585 1494 325 302
715 1491
289 798 1241 1470 1514 239 948 792
896 513 517 1333 31
538 1247
1403 1353 1503 1053 843 1060 411
1222
379 556 440 789 885 1328
1405
593 1448 27 443 753 1381 227 1402
959 350 620 637 587 736 1431
1057 35 811
931 1214 365 209 1091
382 1304 1241 698 355 971
1116 1466 417 447 1089 1133 1416
1173 883 607
1286 931 854
743 587 1469
321 419 396 879 989
1012 589 712
420 50 333 1042 886 210 266
1516
501 1344
341 1410 175 352 235 585
1464 1547
239 548 33 22 1197 1202 459
950 1193 877
1499 690
234 224 1399 989
1124 1473 11 454 1097 1140 1423
1180 477 614 1030
749 1432 529 1265 1028
373 589
1238 792
1136 1392
1429 926 50 1119 1441
468 672 888 1383 628
412
928 851 668 1217 1127 252 1321
1374 1457 1208 399 1268 632 155
794 889 1333
1512 1462 54 1163 953 1169 520 909
637 1292 470 233 117 466 976 1419
1539 118 534 430
522 33 355 532 416 765 1275
902 839 296 1511 569 280 3 419
656 845 1422 107 1349 739 596
1473 344 1347 311 1447 11
624 895 911 861 1011 562 352
310 1086
1442 393 836 1479 1109 1392
434 1516 973 1044
906 1243
1426 97 141 424 1133
798 1547 858 222 160 1175
266 442 326 772 1282 1311 396 440
329 639 123 113 1288 879 136 806
232 182
129 878 1333
1105 1067 352
801 1150 102 545 1188
387 497 580 331 1080 1535 1313 836
1116 1399 551 394 1276 1333
865 575
852
449 266 815
1161 73
656 446 662 13 816 379
695 1471 1116 1039
837 1440
864 215 604 581
595 1410 522 485 1327 772
634 878 562
1306 497 953 730 254 1269 1339 397
1273 597 653 71 260 836 1079
1387 644 900 1276 561 1150 528
326 276
126 875 186
1102 1478 446
1309 100 196 639 1282 1326 50
1074 371 508
1090 321
398 841 1484 1113 1396 548 392
1098 1514 1410 894 1298
988 1431 102
953 1102 653 857 1073
1522 220 597 1439
401 444 727 1436 867 191 661
353
896 1324 769
979 1075 1518 602
1451 802 1191 1168 93 203 286
1325 423 1159 922
535 485 635
271 887
903 188 777
987 1496 381 610
412 907
518 175 790 501 225 641
266 909
1279
1541 200
849 720 376 992 703 426 842
563 407
1083 1233 783 573 790 141
831 409
1430
55 765 609 1491 1547 964 9
1515 718 722 1538 236 612
1263 1452
1290 227 1030 1104 29 1283
1427 1350
1533 326 370 653 1362 792 116 586
809 66 736 1113 1541 986
1359 1189 873 263 534
559 868
1384 1507
731 1081 32 475 1118
706 816
733 1149 1045 529
939 1261 1438 1321 113 622 1065
1357 814 470 1086 797 520 936
1071 501 1383
235 1038 601 1083 1194
925 503 626
237 280 563 859 703 27
1359 417 1272 1409 267 577 1205
325 382 1357 402 565
3 619 1474 53 469 365 1407 253
1398 1082 472 329 346 296
574 830 1207 491 1080 458 1180
497 744 295
478 1094 805 528 944
89 1530 322 418 861 1503 1547 272
1456 526 929 547 137 952
34 90 1066 111
427 883 660 184 1199 1270 327
32 76 359 1068 912 236 292
373
915 200 789
999 1508 1537 622
1180 531 1333 897 1379
990 1512 1090 1213 431 75 1556 1373
522 605 355
1112 370 1039 1002 286 1289 253 1389
413 1322
617 687 1303 600 737 1153
1070 1299 1342 67
452 429 912 608 691 442
492 1041 951 76
410 1358 1215 1232
1390 1100 824 1240
1250 374 1030 208 385 268 618
977 754 278
1553 998 1210 788
1144 988 312
430 819 796 1279 1389 1472
1164 981 1531 1027 152
1257 1407 958 1162 1378 315 1118
1341 1158 149 59 742 253 575
1 1309 500 1370 733 257 128 1343
1529 1373 697 1167 171 774 1350
1508 1099
283 100 649 560 1242 339 1076 839
1146
1036 520 923 127 131 946
1198 1254
278 482 698 1194
711 328 332 1148
402
492 1374 286 1261 1451 469
1226 1536 1020 1010 627
1143 228 271 554
913 891 1373
1196 42 1217 807
140 489
393 556 799 483 1431 144 160
183 869 247 969 1505
569 1146 1389
386 137
655 139 128
445 355 1037 549 871 1048 931 1281
469 1085 795 519 935
80 1521 313 409 852 1494 1538 263
1446 517 920 537 128 943
25 81 1057 102
418 874 651 175 1190 1261 318
23 67 350 1059 903 227 283
363
906 191 779
698 1208 1237
1514 1464 56 1164 954 1170 521 1324
1045 142 879
1355 1184 868 1525
17 88 704 1559
105 654
840 1123 275 119 1001 1057
1294 591 728 1144
449 1132 643 965 1142
487 703
1449 906 563 1179 890 613 1029 1339
1455 474 717 401 1349 1206 1222
954 399 921
802 1245 329 373
529 918 895 1378 1488 13
1281 1098 90 1558 682
133 283
732 1188 965 489 1504 17 632 1487
929
486 343 359 309 459 10
1220 505 1094 472 1193
702 891 1467 153 1394 785 641
252 681 126 648 225 348 1124
510 300 517 1426 257
137 980
391 1046 225 1546 1429 221 730
383 1464 922 992
855
1279 1456 1340 131 641
466 443 925 622 705 455
602 1152 1062 186 1256
1345 896 686 902 253 1056
521 644 1420 1064 987
308 1257 1527 1544
435 1290 1427 286 595 1224 69
400 1375 421
44 154 238 1546 737 1192
181 863 374 697
347 73 23
792 249 1464 522 233
576 898 1075 959 1308 260
713 463 1212 523
361 1497 62 837 482 405 222
1430 261 238
13 641 1045 662 252 1068 179
244 1486 876 1146 1163 1113 1263 400
1293 1110 102 1156 281
998 1148 699 902 1119 56
1452 615 1152
446 490 773 1482 912 236 706
690 174 163
188 99 781 1436 615 791
1214 138 249 332 82 831 1287
968 851 1201 152 595 1238
1130 27 1363
1319 604 1192 570 1292
800 990 8 251 1493 884 740
60 902 1491 869 33 569 932
609 399 615 1524 769 332
746 1522 1166 1089
869 1472
896 247 636 613
530 1345 457 420 1262
1103 427 483 1459 504 666 910
828 86 342 718 3
1305 629 685 103 292 868 1111 795
1182 559 1281 260
1481 805 984
168 1290 214 324 408
1483 48 824
1357 82 378 222 1104 16 578
336 740 357 1505 763 1432 1395
1472 862
1103 1213 1296 1047
1269 300 1236
1020 1463 134
984 1134 685 889 1105 42
1438 602 1138
433 476 759 1468 899 223 693
676 160 150
175 85 767 1423 601 778
1200 125 235 318 68 914
765 675
1137 288 132 1014 1070
1349
866 763 247
417 966 463 1145
1479 870
722 419
335 751 1061 545
340 384 667 1376 806 130 600
377 248 1463 520 231
1371 1188 179 90 772 1427 606 782
1302 226 336 420 170 919 1375
403
710 473 357 706 1216 101 743 373
1479 1256 780 237 308 924
309 1363 488 1557 321 498 381
554
1444 635
501 1543
3 725 1262 66
503 786 1495
43
1559 1122 47 157
273 1449
171 1373 1296 1113 104
528 1104 933 617 8 278 295 245
110 779 742 26 1029
862 492
1135 819 209 480 496
427 1043 340
1205 583 1305 284
553 597
1240 923 314 170 187
118 734 444
1310 688 1410 388
852 896
1538 1222 613 469 486 436 586
283 1432 689 1359
612 895 1190 1034
156 266 349 100 848 1304 1081
480 830 1339 224
1499 158 1067 1456 1433 357 468
494 1176 687 1010 1187
240
436 186 935
906
490 852 496 419 236 785 696 1378
1525 836 200 1282
375 1151
362
452 1334 246 807
978 169 624 402 1483 941 1011
1242 872 1154 306
347 829 939
1056 1526 1530 788
1503 455 898 1127 1170 1453
82 19 1034 691
968 891 708 1257 1168 292 1361
1026 1109 860 50 920
1267
424 601 484 834 930 1373 457
1121
1038 1441 1059
110 792
1281 1125 449 505
440 190 939
496 752 1129 413 1002 380 1102
128 278
727 39 960 898 355 12 627 338
439 909 326 516 1092 1335
989 473 463 80
1382 1266 57 153 596 1239
1131 28 1363
1320 604 49 571 149 271 1047
408 612 828 179 568 545 1028
1280 776 1459 970
1086 943
1023 1106 857 48 917 281 218
734 1243 981
1258 1208 1358 909 699 915 266
1465 1388
13 656 700 983 1278 1122
53 124 739 1303
1407
471 821 1330 215
29 246 1155 1544 1521 445 556
682 193 515 692 576 925 1435 320
440 163 579 889
999 510
1332 656 1126
310 1432 356 466 550 300
447 996 907 31
1121 511 782 798 748 898 449
463 586 1361 592 929
153 1101 1372
544
981 1397 1293 777 1180
870 1313 1542
1223 1373 924 1128 1344 281 1084
1015 832 1381 1292 416 1485
580 1383 946 1429 1539 64 1372
104 840 1017 900 1250 1345
266 16
825 1454 299
712 623
599 1309
320 270
218 967 1422
780 1156 440
890 948 1458 343 571 615
66 988 925 382
768 413 336
639 69 951 1421 839 1028 47 290
527
537 354 904 814
78 1417
468 951 1061
1177 795 385 1200
67 576 1019 104 1292 17 726
1042 1179
447 1383 546 1083 301 1089 1426
1543 480 1283 1260 184 1439 1522
615 126 449 625 509 858 1368 1397
373 96 512 822
416 1058 1102 1385 122 1524 848 1318
1250
1526 91 867
987 1270 421 265 1147 1203 621
671 1074 278 1548 806 1062
1405 822 1012 30 273 1515 906
94 470 1313 343 1279 443 980
1177 728 518 734 85 888
742 865 83 1285 1208 1025
209
1233 1343 1426 1177
1399 844 1366
1150 35 677 307
974
958 1413
492
1020 107 829
333 562 606 889 40 1442 766 822
1556 813 1069 1446 730 1319 697 1419
152 1061 306 1427 352 462 545 295
270 365 808 1451 1495 220 515 359
877 494 84
228 883 62 1383 1266 58
1351 1434 1184 375 831 608 132
356
860 184 240 1215 1405 423
10 320 1362 1352 969 973
1036
940 331 187 204 154 304 1412
1038 1161 378 23 1504 1321 312 222
303 1052 1507
1278 1241 234 1237
700 983 134 1536 860 916
1251 548 685 1101
697 1380 891 1213 1390 1274
859 556 639
1459 1463
234 51
1060 1103 1386
441 231 448 1357 601
385
901 824 368 917 828 1510 607
977 1061 811 2 458
804
376 139 22 372 881 1324
1110 301 756 534 57 1073 1143
65 294 338 620 1330 1174
105 1319 377 88
1045 36 1504 629 140 462 639
27 776
320 310 1485 1075 333
1129 1412 150 1552 876 1346
878 175
451 1454 418 1554 118 894
1002 1018 968 1118
611 1027 923
760 577 1126
1376 1529 947
691 1174 870 953
498 1340
46 1115 1438 57 1498
762 113 916
1502 253 1296 1285 902 493
969 293 763 1325 370 946
145 455 1083 1487 1104 694 1510
831 1074 758 149
1465 1536 594
856 1393
617 966 1476 361
175 391 887 131 108 591 287 371
915 1265 217 246 889 932
383 1305 828 699 356 972
1020 1370 1465 350 993 1037
171 1506 1030 487 558 1173 470
922 1205 356 200 1082 1138 556
703 1106 310 314 1129 1385
170 1146
665 881 1377
694 1110 1420 904 894
1095 1124 209 253
409 1211 775 1257 1367 1451
1143 960 1509 1419 544 1199
610 999 976 1459 11 94 1403
231 967 730 614 963 1473
393 144
539 23 426 1188
1029 913 1262 214 657
307 790
388 112 528 838
1220 731 1054
1530 216 1457 848 705
1118 1428 912 901
86 263 1395 186 282
399
448 226 1308 765 835 1451 748 885
246 1222
1032 1249 599 989 966
1323 354 1290
1074 1517 188 231
484 1287 1264 189 1443 1527 1277 468
1373 1402 486 530 813
170
51 667 378
1466 683 328 251 68 617 527
1351 276 386 469 219 968 1424
1008 891 1241 192 635 1278 908
843 1458 755 893
1117 614 1296 807
633 489 506 456 606 156 360
318 680 325 248 65 614 524
178 661 771 854
108 536 1539 503 81 203 979
657 447 663 14 403 477
793 11 800 1137
935 1538 142 386 69 1018 1288 1305
1092 310 1098
616 1325
1481 1431 23 1132 1336 1552 489 1292
624 135 458 635 518 867 1377 1406
382 106 522 831
923 20
1256 580 1050 54 657 1233 1062
1369 627
371 920 831
1226 644 1247 1409 94 1336
402 806 9 13 829
1308 33 743 587 1469 1525 942
992 982 599 603 1419 117 493 1044
1200 751 541 757 108 911
765 888 105 1308 1231 1048
1499 1050 840 1056 407 796 773
1249 338 248 930 28 764 527
231 980 1436
502 878
36 718 229
452 1028
882 127 104
926 410 399 17
1319 1202 1552 503 533 1175
1085 397 1318
130 656 101 623 201 323 1099
485 275 492 1401 232
15
531 868 685 1234 1145 269 924
712 795 546 1294
1357 735 1457 435
609 1491 1548 965
722 1471 782 146 1350
480 1030 940 64
399 1347 1204 1220
112 1380 1104 1520 272 1314
274 557
1405 1422 1372 1522 1072 862
1542 987 1509 1086
1442 1286 319 375
213 1521
358 1401 246
659
1082 33 476 705
410 905
516 173 788 499 222 639
264 907
1277
78 295
944 815 471 1087 798 521 937
270 114 996 1466 469 1072 91 1478
862
970 787 1336 1246
510 194
803 1286 1396 1479 1230
828 46
402
905 229 285 1261 1450 468
56 366 1408 1398 1015 1019
790 114 584 2 191 767 1011
904 161 831 1208 78 1081 45
548 498 648
20 90 706 3
107 656
